0.010653
0.0107665
0.0108812
0.0109971
0.0111143
0.0112327
0.0113523
0.0114733
0.0115955
0.011719
0.0118438
0.01197
0.0120975
0.0122264
0.0123567
0.0124883
0.0126213
0.0127558
0.0128917
0.013029
0.0131678
0.0133081
0.0134499
0.0135931
0.0137379
0.0138843
0.0140322
0.0141817
0.0143328
0.0144855
0.0146398
0.0147957
0.0149533
0.0151126
0.0152736
0.0154363
0.0156008
0.015767
0.015935
0.0161047
0.0162763
0.0164497
0.0166249
0.016802
0.016981
0.0171619
0.0173447
0.0175295
0.0177162
0.017905
0.0180957
0.0182885
0.0184833
0.0186802
0.0188792
0.0190803
0.0192836
0.019489
0.0196966
0.0199065
0.0201185
0.0203329
0.0205495
0.0207684
0.0209896
0.0212132
0.0214392
0.0216676
0.0218984
0.0221317
0.0223675
0.0226058
0.0228466
0.02309
0.0233359
0.0235845
0.0238358
0.0240897
0.0243463
0.0246057
0.0248678
0.0251327
0.0254005
0.0256711
0.0259445
0.0262209
0.0265003
0.0267826
0.0270679
0.0273562
0.0276477
0.0279422
0.0282399
0.0285407
0.0288447
0.029152
0.0294626
0.0297765
0.0300937
0.0304142
0.0307383
0.0310657
0.0313966
0.0317311
0.0320691
0.0324108
0.0327561
0.033105
0.0334577
0.0338141
0.0341743
0.0345384
0.0349063
0.0352782
0.035654
0.0360338
0.0364177
0.0368056
0.0371977
0.037594
0.0379945
0.0383992
0.0388083
0.0392217
0.0396396
0.0400618
0.0404886
0.0409199
0.0413559
0.0417964
0.0422417
0.0426917
0.0431465
0.0436061
0.0440707
0.0445401
0.0450146
0.0454942
0.0459788
0.0464686
0.0469637
0.047464
0.0479696
0.0484806
0.0489971
0.0495191
0.0500466
0.0505797
0.0511186
0.0516631
0.0522135
0.0527697
0.0533319
0.0539
0.0544742
0.0550545
0.055641
0.0562338
0.0568328
0.0574383
0.0580502
0.0586686
0.0592936
0.0599252
0.0605636
0.0612088
0.0618608
0.0625198
0.0631859
0.063859
0.0645393
0.0652268
0.0659217
0.0666239
0.0673337
0.068051
0.0687759
0.0695086
0.0702491
0.0709974
0.0717538
0.0725182
0.0732907
0.0740715
0.0748606
0.0756581
0.076464
0.0772786
0.0781019
0.0789339
0.0797748
0.0806246
0.0814835
0.0823515
0.0832288
0.0841155
0.0850116
0.0859172
0.0868325
0.0877575
0.0886924
0.0896372
0.0905921
0.0915572
0.0925325
0.0935183
0.0945145
0.0955214
0.096539
0.0975674
0.0986068
0.0996573
0.100719
0.101792
0.102876
0.103972
0.10508
0.106199
0.107331
0.108474
0.10963
0.110797
0.111978
0.113171
0.114376
0.115595
0.116826
0.118071
0.119329
0.1206
0.121884
0.123183
0.124495
0.125821
0.127162
0.128516
0.129886
0.131269
0.132668
0.134081
0.135509
0.136953
0.138412
0.139886
0.141377
0.142883
0.144405
0.145943
0.147498
0.149069
0.150657
0.152262
0.153884
0.155523
0.15718
0.158855
0.160547
0.162257
0.163986
0.165733
0.167498
0.169283
0.171086
0.172909
0.174751
0.176612
0.178494
0.180395
0.182317
0.184259
0.186222
0.188206
0.190211
0.192237
0.194285
0.196355
0.198447
0.200561
0.202697
0.204857
0.207039
0.209244
0.211474
0.213726
0.216003
0.218304
0.22063
0.22298
0.225356
0.227756
0.230183
0.232635
0.235113
0.237618
0.240149
0.242707
0.245293
0.247906
0.250547
0.253216
0.255914
0.25864
0.261395
0.26418
0.266994
0.269838
0.272713
0.275618
0.278554
0.281522
0.284521
0.287552
0.290615
0.293711
0.29684
0.300002
0.303198
0.306428
0.309692
0.312992
0.316326
0.319696
0.323101
0.326543
0.330022
0.333538
0.337091
0.340682
0.344311
0.347979
0.351686
0.355433
0.359219
0.363046
0.366914
0.370822
0.374773
0.378765
0.3828
0.386878
0.390999
0.395165
0.399374
0.403629
0.407929
0.412275
0.416666
0.421105
0.425591
0.430125
0.434707
0.439338
0.444018
0.448749
0.453529
0.458361
0.463243
0.468178
0.473166
0.478207
0.483301
0.488449
0.493653
0.498912
0.504227
0.509598
0.515027
0.520514
0.526059
0.531663
0.537327
0.543051
0.548836
0.554683
0.560592
0.566564
0.572599
0.578699
0.584864
0.591094
0.597391
0.603755
0.610187
0.616688
0.623257
0.629897
0.636607
0.643389
0.650243
0.65717
0.664171
0.671246
0.678397
0.685624
0.692928
0.70031
0.70777
0.71531
0.72293
0.730631
0.738415
0.746281
0.754231
0.762266
0.770387
0.778593
0.786888
0.795271
0.803743
0.812305
0.820958
0.829704
0.838543
0.847476
0.856504
0.865628
0.87485
0.88417
0.893589
0.903108
0.912729
0.922452
0.932279
0.942211
0.952248
0.962392
0.972645
0.983006
0.993478
1.00406
1.01476
1.02557
1.03649
1.04754
1.05869
1.06997
1.08137
1.09289
1.10453
1.1163
1.12819
1.14021
1.15236
1.16463
1.17704
1.18958
1.20225
1.21506
1.228
1.24109
1.25431
1.26767
1.28117
1.29482
1.30862
1.32256
1.33665
1.35089
1.36528
1.37982
1.39452
1.40938
1.42439
1.43956
1.4549
1.4704
1.48606
1.50189
1.51789
1.53406
1.55041
1.56692
1.58361
1.60048
1.61753
1.63477
1.65218
1.66978
1.68757
1.70555
1.72372
1.74208
1.76064
1.77939
1.79835
1.81751
1.83687
1.85644
1.87622
1.8962
1.9164
1.93682
1.95745
1.9783
1.99938
2.02068
2.0422
2.06396
2.08595
2.10817
2.13063
2.15332
2.17626
2.19945
2.22288
2.24656
2.27049
2.29468
2.31912
2.34383
2.3688
2.39403
2.41954
2.44531
2.47136
2.49769
2.5243
2.55119
2.57837
2.60583
2.63359
2.66165
2.69
2.71866
2.74762
2.77689
2.80648
2.83637
2.86659
2.89713
2.92799
2.95918
2.99071
3.02257
3.05477
3.08731
3.1202
3.15344
3.18703
3.22098
3.25529
3.28997
3.32502
3.36044
3.39624
3.43242
3.46899
3.50594
3.54329
3.58104
3.61919
3.65774
3.69671
3.73609
3.77589
3.81611
3.85677
3.89785
3.93938
3.98134
4.02376
4.06662
4.10994
4.15373
4.19798
4.2427
4.2879
4.33357
4.37974
4.4264
4.47355
4.52121
4.56937
4.61805
4.66725
4.71697
4.76722
4.818
4.86933
4.9212
4.97363
5.02661
5.08016
5.13428
5.18897
5.24425
5.30012
5.35658
5.41364
5.47132
5.5296
5.58851
5.64804
5.70821
5.76902
5.83048
5.89259
5.95536
6.01881
6.08293
6.14773
6.21322
6.27941
6.3463
6.41391
6.48224
6.55129
6.62108
6.69162
6.7629
6.83495
6.90776
6.98135
7.05572
7.13089
7.20685
7.28363
7.36122
7.43964
7.51889
7.59899
7.67994
7.76176
7.84444
7.92801
8.01247
8.09783
8.18409
8.27128
8.35939
8.44844
8.53844
8.6294
8.72133
8.81424
8.90814
9.00304
9.09895
9.19588
9.29384
9.39285
9.49291
9.59404
9.69625
9.79954
9.90393
10.0094
10.1161
10.2238
10.3328
10.4428
10.5541
10.6665
10.7801
10.895
11.011
11.1283
11.2469
11.3667
11.4878
11.6102
11.7339
11.8589
11.9852
12.1129
12.2419
12.3723
12.5041
12.6373
12.772
12.908
13.0455
13.1845
13.325
13.4669
13.6104
13.7554
13.9019
14.05
14.1997
14.3509
14.5038
14.6583
14.8145
14.9723
15.1318
15.293
15.4559
15.6206
15.787
15.9552
16.1251
16.2969
16.4705
16.646
16.8233
17.0025
17.1837
17.3667
17.5517
17.7387
17.9277
18.1186
18.3117
18.5067
18.7039
18.9031
19.1045
19.308
19.5137
19.7216
19.9317
20.144
20.3586
20.5755
20.7947
21.0162
21.2401
21.4664
21.6951
21.9262
22.1598
22.3958
22.6344
22.8755
23.1192
23.3655
23.6144
23.866
24.1202
24.3772
24.6369
24.8993
25.1646
25.4327
25.7036
25.9774
26.2542
26.5339
26.8165
27.1022
27.3909
27.6827
27.9776
28.2757
28.5769
28.8813
29.189
29.4999
29.8142
30.1318
30.4528
30.7772
31.1051
31.4364
31.7713
32.1098
32.4519
32.7976
33.147
33.5001
33.857
34.2176
34.5822
34.9506
35.3229
35.6992
36.0795
36.4638
36.8523
37.2449
37.6417
38.0426
38.4479
38.8575
39.2715
39.6898
40.1126
40.5399
40.9718
41.4083
41.8494
42.2952
42.7458
43.2012
43.6614
44.1265
44.5966
45.0717
45.5518
46.0371
46.5275
47.0232
47.5241
48.0304
48.5421
49.0592
49.5818
50.11
50.6438
51.1834
51.7286
52.2797
52.8366
53.3995
53.9683
54.5433
55.1243
55.7116
56.3051
56.9049
57.5111
58.1237
58.7429
59.3687
60.0012
60.6404
61.2864
61.9393
62.5991
63.266
63.9399
64.6211
65.3095
66.0052
66.7084
67.419
68.1373
68.8631
69.5967
70.3381
71.0874
71.8447
72.6101
73.3836
74.1654
74.9555
75.754
76.561
77.3766
78.2009
79.0339
79.8759
80.7268
81.5868
82.4559
83.3343
84.2221
85.1193
86.0261
86.9425
87.8687
88.8048
89.7508
90.7069
91.6733
92.6498
93.6368
94.6344
95.6425
96.6614
97.6911
98.7318
99.7836
100.847
101.921
103.007
104.104
105.213
106.334
107.467
108.611
109.769
110.938
112.12
113.314
114.521
115.741
116.974
118.22
119.48
120.753
122.039
123.339
124.653
125.981
127.323
128.679
130.05
131.436
132.836
134.251
135.681
137.126
138.587
140.064
141.556
143.064
144.588
146.128
147.685
149.258
150.848
152.455
154.079
155.721
157.38
159.056
160.751
162.463
164.194
165.943
167.711
169.497
171.303
173.128
174.972
176.836
178.72
180.624
182.548
184.493
186.458
188.444
190.452
192.481
194.531
196.604
198.698
200.815
202.954
205.116
207.301
209.51
211.742
213.997
216.277
218.581
220.91
223.263
225.641
228.045
230.474
232.93
235.411
237.919
240.453
243.015
245.604
248.22
250.865
253.537
256.238
258.968
261.726
264.515
267.333
270.18
273.059
275.968
278.907
281.879
284.881
287.916
290.983
294.083
297.216
300.382
303.582
306.816
310.085
313.388
316.727
320.101
323.511
326.957
330.44
333.961
337.518
341.114
344.748
348.42
352.132
355.883
359.675
363.506
367.379
371.292
375.248
379.245
383.285
387.368
391.495
395.666
399.881
404.141
408.446
412.797
417.195
421.639