7.35917
8.45821
28.2217
12.6897
8.63304
10.3597
17.2612
13.8129
24.0145
47.6261
25.5134
26.4872
56.2909
24.1725
31.799
50.7777
35.9064
55.4287
32.8056
70.447
65.7492
67.1726
96.7398
72.7589
78.7602
75.4757
73.725
76.8693
76.5044
91.5787
110.827
131.994
155.758
88.4348
118.708
96.1589
105.435
111.774
79.3897
103.287
109.467
95.7458
124.433
137.54
114.719
114.81
138.167
143.05
109.054
147.655
142.045
155.807
159.668
150.126
176.302
184.684
174.022
199.879
172.453
147.525
169.548
209.804
153.123
191.712
174.347
156.326
231.323
166.816
205.975
189.261
179.4
228.738
203.228
234.77
275.891
290.595
221.818
278.799
237.329
296.473
287.242
244.136
223.722
237.842
237.06
313.582
230.011
271.718
260.277
249.53
258.275
264.876
266.144
225.011
245.084
377.9
217.422
311.784
344.313
326.48
