39700 330
35860 4170
28300 11730
35340 4690
6260 33770
39980 50
35460 4570
39660 370
31860 8170
7500 32530
36900 3130
40020 10
27660 12370
11820 28210
20820 19210
38620 1410
21220 18810
39500 530
9900 30130
32860 7170
39300 730
39100 930
40020 10
39940 90
16500 23530
40020 10
39380 650
14780 25250
39980 50
39620 410
11220 28810
36340 3690
6100 33930
32340 7690
260 39770
39540 490
1540 38490
3060 36970
39900 130
27100 12930
39820 210
26660 13370
22420 17610
40020 10
25940 14090
36700 3330
31740 8290
33980 6050
460 39570
24580 15450
38300 1730
40020 10
35340 4690
38260 1770
26740 13290
23820 16210
2660 37370
39740 290
35700 4330
39500 530
40020 10
34820 5210
13460 26570
38060 1970
40020 10
38780 1250
34900 5130
28340 11690
2060 37970
37660 2370
12140 27890
39940 90
39900 130
32060 7970
39740 290
23100 16930
4900 35130
5380 34650
40020 10
20 40010
37300 2730
38620 1410
7220 32810
40020 10
38500 1530
40020 10
39980 50
39860 170
40020 10
35660 4370
36580 3450
420 39610
27420 12610
39460 570
39980 50
40020 10
2620 37410
39340 690
36980 3050
15900 24130
9620 30410
12940 27090
35500 4530
30820 9210
8260 31770
12660 27370
40020 10
6380 33650
3940 36090
19180 20850
15380 24650
2260 37770
5180 34850
39940 90
40020 10
39980 50
9900 30130
39660 370
15340 24690
6300 33730
12820 27210
32980 7050
37620 2410
39940 90
34340 5690
740 39290
380 39650
27340 12690
39340 690
39980 50
39980 50
28620 11410
40020 10
40020 10
37540 2490
1660 38370
38740 1290
39380 650
39780 250
1660 38370
40020 10
39220 810
39860 170
17060 22970
39700 330
39820 210
33500 6530
33900 6130
15780 24250
2420 37610
38140 1890
39860 170
40020 10
39980 50
29300 10730
40020 10
39940 90
30340 9690
10580 29450
6740 33290
18860 21170
39980 50
27540 12490
40020 10
3820 36210
14140 25890
39860 170
13980 26050
37700 2330
39900 130
39740 290
39060 970
33620 6410
39180 850
35780 4250
39980 50
13220 26810
39620 410
100 39930
40020 10
35620 4410
20500 19530
1500 38530
1540 38490
39020 1010
16740 23290
40020 10
30300 9730
13180 26850
39980 50
40020 10
39980 50
39500 530
37460 2570
34420 5610
39620 410
6420 33610
30140 9890
580 39450
25700 14330
39940 90
39980 50
40020 10
36180 3850
32540 7490
22540 17490
38620 1410
40020 10
2300 37730
3380 36650
39980 50
35660 4370
39260 770
38460 1570
11700 28330
38660 1370
36860 3170
40020 10
39820 210
22060 17970
39340 690
39140 890
40020 10
39940 90
40020 10
40020 10
18340 21690
8900 31130
17380 22650
38740 1290
31940 8090
30340 9690
3380 36650
12660 27370
28420 11610
36940 3090
40020 10
7820 32210
39580 450
18900 21130
14460 25570
25300 14730
34060 5970
33260 6770
5780 34250
30300 9730
40020 10
11020 29010
40020 10
37500 2530
40020 10
38540 1490
26660 13370
21900 18130
39900 130
38460 1570
20 40010
40020 10
39980 50
40020 10
11420 28610
16420 23610
8980 31050
40020 10
40020 10
39940 90
40020 10
1020 39010
36540 3490
33220 6810
39940 90
27780 12250
38420 1610
500 39530
8540 31490
38780 1250
300 39730
13500 26530
35980 4050
4180 35850
38700 1330
15900 24130
30860 9170
39100 930
31540 8490
40020 10
2220 37810
39980 50
4260 35770
9740 30290
17940 22090
19180 20850
33340 6690
15500 24530
39660 370
39660 370
40020 10
28580 11450
33980 6050
39660 370
39980 50
37380 2650
12220 27810
27820 12210
36820 3210
26420 13610
24620 15410
39220 810
25500 14530
40020 10
30660 9370
18020 22010
260 39770
20780 19250
39540 490
38700 1330
60 39970
39860 170
900 39130
40020 10
37380 2650
39740 290
32100 7930
39540 490
26740 13290
39340 690
40020 10
39900 130
27460 12570
8980 31050
39980 50
18060 21970
38740 1290
17980 22050
38180 1850
31300 8730
39220 810
24340 15690
31180 8850
4980 35050
1660 38370
1020 39010
37340 2690
16860 23170
37340 2690
39100 930
10260 29770
20 40010
22460 17570
7500 32530
40020 10
39660 370
9220 30810
39540 490
38900 1130
11700 28330
40020 10
39220 810
10780 29250
7540 32490
37700 2330
17260 22770
20 40010
39460 570
17540 22490
180 39850
39820 210
17820 22210
36620 3410
35460 4570
8020 32010
20740 19290
20300 19730
7740 32290
27100 12930
14060 25970
35300 4730
39380 650
39980 50
340 39690
20300 19730
29740 10290
40020 10
39980 50
39820 210
39980 50
260 39770
30900 9130
4060 35970
300 39730
32340 7690
36140 3890
12540 27490
38460 1570
36820 3210
39780 250
40020 10
34780 5250
15580 24450
34060 5970
39260 770
39980 50
40020 10
35340 4690
36140 3890
25780 14250
33140 6890
39780 250
32500 7530
39980 50
40020 10
26220 13810
39620 410
38820 1210
30460 9570
38580 1450
35620 4410
35660 4370
38900 1130
8660 31370
39820 210
37740 2290
39780 250
500 39530
1180 38850
36540 3490
14900 25130
33700 6330
3300 36730
14860 25170
14860 25170
40020 10
39660 370
6460 33570
39380 650
40020 10
28140 11890
39900 130
28060 11970
30540 9490
5660 34370
3820 36210
39660 370
780 39250
18660 21370
24460 15570
9020 31010
38860 1170
39980 50
38940 1090
21300 18730
39980 50
40020 10
37620 2410
6060 33970
35860 4170
24740 15290
26300 13730
40020 10
820 39210
39940 90
34700 5330
18100 21930
39860 170
34020 6010
39980 50
36620 3410
39620 410
12820 27210
38540 1490
7980 32050
36100 3930
1260 38770
21620 18410
39620 410
39100 930
39900 130
39500 530
9820 30210
39260 770
38940 1090
4100 35930
7180 32850
3460 36570
8300 31730
7140 32890
34940 5090
35860 4170
39660 370
6620 33410
5780 34250
40020 10
28060 11970
10220 29810
30340 9690
39900 130
37660 2370
40020 10
40020 10
30540 9490
39860 170
39940 90
39620 410
40020 10
5100 34930
2020 38010
39780 250
39980 50
37660 2370
39980 50
60 39970
28180 11850
40020 10
180 39850
7740 32290
36820 3210
39820 210
30620 9410
40020 10
39140 890
40020 10
36900 3130
39900 130
7620 32410
13620 26410
39580 450
9060 30970
19820 20210
580 39450
39980 50
39860 170
17900 22130
17740 22290
22220 17810
15700 24330
35700 4330
39300 730
660 39370
37260 2770
39100 930
32420 7610
20 40010
35460 4570
40020 10
28300 11730
11180 28850
18180 21850
39980 50
20 40010
5020 35010
220 39810
39700 330
39300 730
39180 850
37180 2850
40020 10
29180 10850
39460 570
420 39610
260 39770
35100 4930
36260 3770
3820 36210
1020 39010
40020 10
40020 10
2860 37170
40020 10
40020 10
38940 1090
4140 35890
100 39930
22900 17130
39900 130
7700 32330
32660 7370
39980 50
300 39730
31100 8930
34460 5570
7100 32930
40020 10
39980 50
24540 15490
35700 4330
39980 50
23700 16330
40020 10
8380 31650
40020 10
38260 1770
10700 29330
38260 1770
39940 90
26620 13410
29100 10930
25140 14890
35500 4530
13580 26450
7140 32890
1900 38130
25660 14370
40020 10
940 39090
28340 11690
37940 2090
36820 3210
17900 22130
33500 6530
32340 7690
29140 10890
37140 2890
39260 770
540 39490
4060 35970
16140 23890
620 39410
39980 50
40020 10
14260 25770
30500 9530
40020 10
16100 23930
11500 28530
39900 130
7180 32850
6460 33570
40020 10
33980 6050
28380 11650
39820 210
39060 970
38860 1170
660 39370
39780 250
34940 5090
39660 370
140 39890
2740 37290
27220 12810
13900 26130
38500 1530
30340 9690
40020 10
39380 650
9180 30850
38780 1250
25700 14330
40020 10
1340 38690
33420 6610
27820 12210
39380 650
11540 28490
11500 28530
5420 34610
40020 10
21020 19010
2820 37210
39620 410
39900 130
37380 2650
32020 8010
500 39530
32260 7770
10780 29250
8780 31250
39980 50
140 39890
36260 3770
4580 35450
2260 37770
39380 650
38020 2010
30340 9690
38900 1130
31380 8650
39740 290
23740 16290
38260 1770
3340 36690
820 39210
39820 210
18540 21490
260 39770
6580 33450
100 39930
38780 1250
5060 34970
39620 410
29060 10970
3660 36370
140 39890
620 39410
26500 13530
38740 1290
40020 10
20 40010
23100 16930
25460 14570
23700 16330
40020 10
39940 90
39740 290
31620 8410
40020 10
19500 20530
40020 10
40020 10
37740 2290
38180 1850
9660 30370
40020 10
39460 570
9780 30250
820 39210
36740 3290
31700 8330
30580 9450
22700 17330
39980 50
380 39650
6380 33650
7460 32570
31620 8410
12700 27330
3100 36930
39900 130
36900 3130
8460 31570
35540 4490
4020 36010
38620 1410
32580 7450
39820 210
39980 50
22860 17170
40020 10
26300 13730
27980 12050
40020 10
40020 10
40020 10
25900 14130
39780 250
39460 570
14140 25890
40020 10
7540 32490
10020 30010
39940 90
39300 730
39900 130
40020 10
40020 10
39980 50
38620 1410
17340 22690
26380 13650
35780 4250
37140 2890
34740 5290
460 39570
18700 21330
39220 810
34660 5370
40020 10
28540 11490
39260 770
700 39330
6900 33130
32180 7850
39740 290
40020 10
39260 770
40020 10
500 39530
28540 11490
3020 37010
38380 1650
39900 130
39300 730
300 39730
40020 10
1900 38130
39980 50
40020 10
39180 850
11260 28770
39980 50
60 39970
39780 250
4020 36010
300 39730
18660 21370
3980 36050
1100 38930
33460 6570
35500 4530
36380 3650
34980 5050
40020 10
39780 250
60 39970
39140 890
19700 20330
2380 37650
39820 210
33140 6890
13140 26890
39060 970
30060 9970
40020 10
37060 2970
39300 730
39820 210
7180 32850
22740 17290
40020 10
7300 32730
40020 10
8260 31770
39740 290
25020 15010
18980 21050
10580 29450
30740 9290
25020 15010
16020 24010
31300 8730
39420 610
14900 25130
24620 15410
40020 10
1900 38130
27300 12730
40020 10
40020 10
19140 20890
20020 20010
36700 3330
100 39930
22100 17930
39980 50
35300 4730
38900 1130
9500 30530
13020 27010
40020 10
13460 26570
38060 1970
2220 37810
1900 38130
2260 37770
39940 90
33660 6370
37820 2210
31780 8250
40020 10
460 39570
39300 730
31460 8570
2060 37970
2420 37610
26860 13170
39700 330
39340 690
8740 31290
780 39250
12580 27450
30660 9370
39580 450
39980 50
9660 30370
25020 15010
38940 1090
22980 17050
38260 1770
30220 9810
31780 8250
40020 10
24740 15290
22860 17170
31780 8250
20580 19450
39820 210
39700 330
38780 1250
39980 50
17780 22250
60 39970
40020 10
39980 50
40020 10
36860 3170
25180 14850
39740 290
40020 10
260 39770
40020 10
37340 2690
39660 370
16940 23090
35100 4930
40020 10
37500 2530
23540 16490
29340 10690
7260 32770
2260 37770
38900 1130
39740 290
39780 250
20420 19610
29940 10090
40020 10
32100 7930
32460 7570
180 39850
29060 10970
31900 8130
40020 10
9220 30810
6940 33090
12540 27490
12660 27370
40020 10
14180 25850
900 39130
39180 850
15300 24730
39140 890
39860 170
17380 22650
19100 20930
40020 10
180 39850
9580 30450
3020 37010
39860 170
39900 130
39500 530
40020 10
19180 20850
39740 290
40020 10
33700 6330
36660 3370
39780 250
32060 7970
27620 12410
24940 15090
4420 35610
36380 3650
39940 90
35540 4490
21620 18410
780 39250
36660 3370
21260 18770
27700 12330
11580 28450
36060 3970
37740 2290
29700 10330
40020 10
40020 10
39820 210
38900 1130
39260 770
15660 24370
39700 330
37260 2770
40020 10
17260 22770
39940 90
39500 530
38620 1410
39580 450
37860 2170
22820 17210
1980 38050
220 39810
3180 36850
39860 170
34380 5650
34860 5170
6220 33810
28380 11650
33060 6970
7900 32130
2140 37890
36300 3730
39220 810
39980 50
22380 17650
39980 50
39060 970
39100 930
40020 10
15580 24450
38420 1610
37500 2530
14380 25650
38700 1330
19620 20410
38500 1530
40020 10
40020 10
4700 35330
40020 10
40020 10
21180 18850
9260 30770
39780 250
40020 10
32860 7170
39500 530
39700 330
32580 7450
2540 37490
31740 8290
30340 9690
34940 5090
36660 3370
1180 38850
14700 25330
1540 38490
36100 3930
31460 8570
28340 11690
39460 570
39900 130
14620 25410
60 39970
39940 90
33420 6610
40020 10
30940 9090
39580 450
39700 330
14100 25930
27500 12530
33860 6170
23540 16490
14140 25890
11860 28170
39940 90
32180 7850
3700 36330
1860 38170
39900 130
35180 4850
20580 19450
35540 4490
17580 22450
40020 10
28660 11370
38900 1130
39980 50
1980 38050
36940 3090
39660 370
18500 21530
38900 1130
39500 530
20900 19130
13260 26770
7540 32490
28260 11770
39420 610
36340 3690
4540 35490
22020 18010
33580 6450
16340 23690
1380 38650
30780 9250
32620 7410
39980 50
36220 3810
37220 2810
35420 4610
11540 28490
15060 24970
40020 10
5140 34890
13940 26090
40020 10
29780 10250
12700 27330
24820 15210
33500 6530
19300 20730
23660 16370
9220 30810
39980 50
38380 1650
17660 22370
39540 490
38500 1530
100 39930
38740 1290
4660 35370
17660 22370
10820 29210
39900 130
40020 10
39540 490
500 39530
24340 15690
27540 12490
38980 1050
420 39610
39980 50
10540 29490
39860 170
8060 31970
5620 34410
11460 28570
8820 31210
38060 1970
39940 90
26340 13690
40020 10
38740 1290
40020 10
25300 14730
38220 1810
32740 7290
29380 10650
36620 3410
38540 1490
17420 22610
40020 10
39940 90
21140 18890
1140 38890
6700 33330
340 39690
39980 50
34700 5330
15780 24250
25940 14090
12980 27050
36820 3210
33580 6450
9580 30450
40020 10
9020 31010
40020 10
11380 28650
39980 50
6580 33450
39900 130
34940 5090
38060 1970
460 39570
38340 1690
9300 30730
33620 6410
100 39930
9700 30330
6460 33570
1140 38890
38380 1650
20460 19570
32860 7170
40020 10
2500 37530
16820 23210
31180 8850
33340 6690
40020 10
40020 10
13980 26050
40020 10
22740 17290
33140 6890
21020 19010
2260 37770
3860 36170
40020 10
15580 24450
3380 36650
28300 11730
12300 27730
25180 14850
1740 38290
1900 38130
140 39890
40020 10
15140 24890
40020 10
40020 10
13580 26450
40020 10
1580 38450
60 39970
39340 690
36220 3810
38540 1490
19980 20050
35620 4410
700 39330
26060 13970
25860 14170
21220 18810
35980 4050
4740 35290
40020 10
39980 50
39660 370
38500 1530
31660 8370
4020 36010
40020 10
40020 10
40020 10
40020 10
19900 20130
40020 10
28460 11570
16620 23410
5300 34730
16340 23690
8060 31970
22380 17650
33220 6810
32300 7730
39460 570
37740 2290
28300 11730
34380 5650
40020 10
22700 17330
31660 8370
1900 38130
8580 31450
12740 27290
29340 10690
40020 10
38740 1290
32380 7650
38380 1650
39540 490
31140 8890
20700 19330
13020 27010
7060 32970
20 40010
39220 810
39980 50
10340 29690
38500 1530
37100 2930
39260 770
24300 15730
39740 290
35700 4330
3500 36530
37940 2090
25900 14130
39220 810
39540 490
40020 10
6220 33810
39500 530
40020 10
100 39930
35740 4290
32740 7290
36660 3370
8660 31370
36060 3970
39740 290
17980 22050
3140 36890
31660 8370
14900 25130
37700 2330
12140 27890
860 39170
7420 32610
31540 8490
2140 37890
39900 130
38860 1170
39620 410
39860 170
340 39690
10060 29970
38220 1810
2100 37930
16900 23130
39420 610
39740 290
40020 10
38860 1170
35300 4730
5420 34610
2620 37410
19460 20570
39980 50
37060 2970
13260 26770
1460 38570
40020 10
25420 14610
16660 23370
39620 410
35380 4650
38500 1530
14980 25050
40020 10
22580 17450
14780 25250
12980 27050
38820 1210
40020 10
31540 8490
34500 5530
39460 570
39340 690
820 39210
39940 90
17580 22450
37060 2970
3180 36850
38500 1530
39980 50
38420 1610
8500 31530
900 39130
30780 9250
34500 5530
38780 1250
2020 38010
37220 2810
39180 850
1580 38450
60 39970
33860 6170
35580 4450
4180 35850
34980 5050
31020 9010
38380 1650
30500 9530
8980 31050
38980 1050
36780 3250
30020 10010
10420 29610
39700 330
39900 130
36980 3050
37460 2570
34060 5970
33500 6530
39300 730
39620 410
40020 10
40020 10
31140 8890
40020 10
28020 12010
40020 10
20940 19090
32860 7170
140 39890
35700 4330
40020 10
980 39050
39780 250
40020 10
9100 30930
40020 10
30420 9610
40020 10
30380 9650
23380 16650
2420 37610
32500 7530
39980 50
40020 10
35060 4970
30500 9530
39540 490
16780 23250
36900 3130
39580 450
35060 4970
38020 2010
39980 50
260 39770
40020 10
36220 3810
16900 23130
39020 1010
38300 1730
1340 38690
33540 6490
38660 1370
40020 10
27420 12610
39660 370
20300 19730
40020 10
60 39970
40020 10
39380 650
23700 16330
36500 3530
40020 10
40020 10
32460 7570
40020 10
9460 30570
32060 7970
12060 27970
100 39930
1900 38130
27220 12810
33100 6930
380 39650
40020 10
39060 970
30460 9570
32500 7530
39980 50
30340 9690
5780 34250
100 39930
30820 9210
32540 7490
9380 30650
40020 10
20 40010
40020 10
38580 1450
37660 2370
40020 10
34180 5850
40020 10
11020 29010
40020 10
9420 30610
38900 1130
40020 10
30020 10010
39660 370
21420 18610
33580 6450
3140 36890
7060 32970
33140 6890
4220 35810
39980 50
38580 1450
40020 10
40020 10
39900 130
37380 2650
60 39970
20020 20010
40020 10
40020 10
40020 10
40020 10
34220 5810
39060 970
18220 21810
40020 10
30860 9170
32900 7130
38300 1730
24180 15850
38340 1690
33380 6650
24460 15570
40020 10
39660 370
300 39730
39980 50
24300 15730
40020 10
28940 11090
39620 410
28700 11330
26980 13050
36820 3210
38860 1170
39500 530
33940 6090
28340 11690
39860 170
33100 6930
420 39610
1220 38810
36420 3610
22540 17490
4340 35690
40020 10
40020 10
37060 2970
39460 570
39820 210
6660 33370
39540 490
30940 9090
33620 6410
29100 10930
34900 5130
39020 1010
32260 7770
29380 10650
38020 2010
17180 22850
40020 10
40020 10
33780 6250
34340 5690
28940 11090
40020 10
39980 50
38660 1370
29380 10650
10900 29130
35380 4650
29420 10610
28780 11250
39980 50
22060 17970
20540 19490
33060 6970
37820 2210
39900 130
1460 38570
36340 3690
36540 3490
35380 4650
8580 31450
180 39850
9180 30850
11580 28450
10820 29210
39940 90
100 39930
38740 1290
4380 35650
40020 10
39620 410
40020 10
16540 23490
39940 90
460 39570
1220 38810
39940 90
39300 730
38940 1090
38380 1650
36540 3490
17940 22090
14740 25290
40020 10
5260 34770
39020 1010
14060 25970
40020 10
36980 3050
37980 2050
28660 11370
12420 27610
40020 10
20 40010
40020 10
39140 890
39740 290
15060 24970
40020 10
36260 3770
21700 18330
11660 28370
31860 8170
18860 21170
40020 10
39660 370
17980 22050
40020 10
39780 250
100 39930
19380 20650
31100 8930
20 40010
33100 6930
24140 15890
38860 1170
40020 10
39980 50
39980 50
17780 22250
10260 29770
37940 2090
38820 1210
39740 290
340 39690
3860 36170
10220 29810
39780 250
40020 10
31020 9010
40020 10
12060 27970
20100 19930
33460 6570
39980 50
3700 36330
39620 410
40020 10
40020 10
26580 13450
25060 14970
40020 10
2700 37330
40020 10
39980 50
5980 34050
13220 26810
100 39930
39900 130
23900 16130
2460 37570
40020 10
20100 19930
39460 570
16380 23650
24900 15130
31100 8930
7860 32170
740 39290
39380 650
20 40010
27020 13010
40020 10
16660 23370
37860 2170
20460 19570
21820 18210
33620 6410
39020 1010
1020 39010
40020 10
24020 16010
39940 90
35820 4210
19660 20370
39980 50
34780 5250
40020 10
40020 10
100 39930
40020 10
40020 10
39620 410
38180 1850
40020 10
24780 15250
23700 16330
38460 1570
39380 650
40020 10
35300 4730
21100 18930
37620 2410
17380 22650
11100 28930
39500 530
39820 210
36140 3890
15700 24330
39300 730
24540 15490
33980 6050
39500 530
33500 6530
9780 30250
11300 28730
34660 5370
26700 13330
7380 32650
380 39650
24660 15370
39900 130
7460 32570
39940 90
39300 730
39860 170
38460 1570
15900 24130
39620 410
39740 290
34380 5650
39580 450
11620 28410
40020 10
29180 10850
29340 10690
31060 8970
39980 50
26180 13850
7420 32610
29500 10530
32660 7370
2780 37250
4180 35850
7980 32050
40020 10
17220 22810
17500 22530
24260 15770
2060 37970
1180 38850
18420 21610
38780 1250
39900 130
29500 10530
39940 90
180 39850
37060 2970
39900 130
3940 36090
37540 2490
39780 250
40020 10
37940 2090
8060 31970
39420 610
40020 10
28740 11290
39300 730
39620 410
39220 810
7780 32250
36900 3130
21460 18570
12820 27210
8460 31570
3260 36770
39940 90
300 39730
40020 10
37060 2970
10140 29890
39980 50
40020 10
40020 10
620 39410
38180 1850
37020 3010
39540 490
31260 8770
2980 37050
39820 210
30340 9690
36020 4010
39980 50
21340 18690
36300 3730
8460 31570
39420 610
3140 36890
100 39930
580 39450
39980 50
39860 170
9340 30690
30660 9370
40020 10
18220 21810
40020 10
39820 210
29740 10290
29260 10770
10180 29850
7900 32130
3380 36650
4540 35490
27900 12130
37660 2370
33100 6930
24340 15690
40020 10
39820 210
37900 2130
40020 10
39980 50
6900 33130
39620 410
38420 1610
35940 4090
39820 210
40020 10
4500 35530
20 40010
37500 2530
8860 31170
21140 18890
37340 2690
39980 50
27500 12530
33500 6530
2020 38010
1020 39010
40020 10
36340 3690
37420 2610
39860 170
20 40010
16220 23810
29980 10050
40020 10
34780 5250
2980 37050
7420 32610
20 40010
33980 6050
40020 10
3500 36530
31140 8890
19020 21010
140 39890
100 39930
21860 18170
28780 11250
40020 10
500 39530
10020 30010
39540 490
34060 5970
34620 5410
2980 37050
30100 9930
22660 17370
40020 10
29380 10650
36260 3770
32700 7330
40020 10
1380 38650
8860 31170
39940 90
14860 25170
40020 10
23980 16050
17980 22050
32780 7250
27740 12290
38780 1250
9660 30370
40020 10
20420 19610
38940 1090
40020 10
1380 38650
39980 50
32700 7330
36700 3330
6780 33250
39420 610
37420 2610
39940 90
36380 3650
340 39690
31900 8130
39900 130
32900 7130
8060 31970
40020 10
39980 50
39740 290
39940 90
33460 6570
6180 33850
20060 19970
40020 10
36180 3850
35180 4850
37740 2290
38420 1610
39420 610
24940 15090
740 39290
20 40010
39060 970
18700 21330
35180 4850
7820 32210
36300 3730
22220 17810
12460 27570
5860 34170
39820 210
39820 210
40020 10
27340 12690
39940 90
33820 6210
25300 14730
10940 29090
10540 29490
39780 250
39180 850
3220 36810
21260 18770
40020 10
10660 29370
7940 32090
38380 1650
39980 50
35380 4650
140 39890
4460 35570
39860 170
10180 29850
5060 34970
2380 37650
39700 330
60 39970
660 39370
20 40010
40020 10
9700 30330
40020 10
3900 36130
40020 10
24460 15570
39700 330
29860 10170
39060 970
39660 370
27540 12490
37540 2490
8620 31410
9540 30490
21060 18970
4940 35090
39780 250
30140 9890
39820 210
33100 6930
2660 37370
30260 9770
28940 11090
39980 50
12020 28010
11100 28930
25180 14850
15980 24050
14020 26010
40020 10
24660 15370
34940 5090
40020 10
39980 50
420 39610
8740 31290
38820 1210
1820 38210
40020 10
35340 4690
40020 10
1460 38570
6860 33170
39260 770
40020 10
940 39090
14140 25890
39140 890
300 39730
40020 10
37620 2410
17180 22850
38100 1930
24100 15930
39940 90
260 39770
40020 10
38460 1570
34620 5410
40020 10
23620 16410
30420 9610
38620 1410
36420 3610
28620 11410
25460 14570
8260 31770
30980 9050
38300 1730
19340 20690
38380 1650
9540 30490
260 39770
24380 15650
31660 8370
39700 330
34300 5730
39660 370
31980 8050
19580 20450
28820 11210
40020 10
29140 10890
39780 250
40020 10
39740 290
32420 7610
29580 10450
40020 10
380 39650
33900 6130
31300 8730
540 39490
6660 33370
5700 34330
32380 7650
140 39890
13220 26810
39940 90
40020 10
39740 290
1460 38570
33340 6690
38540 1490
37820 2210
34500 5530
2900 37130
38220 1810
28940 11090
39340 690
980 39050
100 39930
40020 10
35260 4770
33500 6530
40020 10
3860 36170
4260 35770
21980 18050
37220 2810
36780 3250
39260 770
39060 970
260 39770
34500 5530
1100 38930
34060 5970
9140 30890
620 39410
4140 35890
1100 38930
9020 31010
39180 850
9420 30610
18460 21570
38540 1490
31900 8130
26140 13890
20 40010
7660 32370
15620 24410
40020 10
25940 14090
39780 250
39860 170
12580 27450
1780 38250
7580 32450
32620 7410
11340 28690
40020 10
39020 1010
23500 16530
180 39850
33980 6050
1100 38930
29980 10050
14020 26010
40020 10
22300 17730
16660 23370
26940 13090
140 39890
9340 30690
13860 26170
540 39490
40020 10
9420 30610
1620 38410
3140 36890
25820 14210
39900 130
39740 290
6180 33850
39700 330
3900 36130
27940 12090
39940 90
820 39210
40020 10
38900 1130
40020 10
16540 23490
14740 25290
40020 10
37220 2810
33620 6410
21100 18930
27460 12570
34740 5290
38420 1610
15180 24850
5740 34290
40020 10
40020 10
20900 19130
8900 31130
39980 50
39820 210
39980 50
220 39810
15260 24770
40020 10
36220 3810
23620 16410
40020 10
30980 9050
14780 25250
40020 10
36900 3130
4380 35650
180 39850
38780 1250
27500 12530
28740 11290
32500 7530
37180 2850
39900 130
39980 50
39900 130
39540 490
40020 10
39740 290
39260 770
35060 4970
23340 16690
39780 250
31380 8650
22220 17810
33100 6930
37140 2890
39780 250
39980 50
39940 90
32380 7650
30740 9290
29740 10290
37660 2370
16460 23570
27700 12330
14620 25410
4860 35170
23540 16490
40020 10
38420 1610
40020 10
15180 24850
3980 36050
37900 2130
32660 7370
26500 13530
4700 35330
39980 50
39980 50
39460 570
24620 15410
40020 10
14060 25970
39820 210
10540 29490
39500 530
27980 12050
7420 32610
11820 28210
40020 10
3020 37010
12780 27250
39500 530
9260 30770
40020 10
39700 330
35900 4130
35780 4250
300 39730
39220 810
34500 5530
39180 850
35380 4650
31060 8970
29700 10330
39980 50
39900 130
20 40010
1380 38650
940 39090
40020 10
30100 9930
140 39890
33460 6570
13900 26130
3140 36890
20 40010
5020 35010
18180 21850
16020 24010
40020 10
38500 1530
40020 10
1020 39010
14580 25450
37620 2410
38420 1610
40020 10
6740 33290
29620 10410
37860 2170
3420 36610
2860 37170
2100 37930
39980 50
5420 34610
38140 1890
39900 130
40020 10
3140 36890
35500 4530
39820 210
24340 15690
15020 25010
31540 8490
37460 2570
7060 32970
980 39050
40020 10
39940 90
39940 90
18460 21570
30740 9290
35260 4770
39900 130
620 39410
40020 10
21580 18450
39980 50
39540 490
26460 13570
4980 35050
39980 50
34300 5730
39940 90
19060 20970
29780 10250
37780 2250
40020 10
36780 3250
2140 37890
33460 6570
39780 250
40020 10
780 39250
60 39970
20420 19610
3500 36530
35820 4210
38700 1330
5940 34090
24180 15850
39740 290
17300 22730
40020 10
9060 30970
33020 7010
37100 2930
39660 370
39980 50
32780 7250
60 39970
1980 38050
19340 20690
31980 8050
28780 11250
1340 38690
37900 2130
20 40010
39660 370
3300 36730
28300 11730
3540 36490
30820 9210
39220 810
23660 16370
28220 11810
3380 36650
20580 19450
39660 370
9900 30130
37940 2090
11700 28330
34620 5410
7180 32850
21540 18490
35660 4370
37420 2610
4620 35410
39780 250
36220 3810
25220 14810
39580 450
39860 170
15220 24810
23020 17010
11980 28050
29460 10570
39580 450
2020 38010
39900 130
22740 17290
40020 10
5820 34210
27660 12370
39780 250
40020 10
40020 10
420 39610
39700 330
39980 50
11580 28450
2420 37610
40020 10
36740 3290
31860 8170
39420 610
32020 8010
30460 9570
11260 28770
26580 13450
35820 4210
3460 36570
19940 20090
3300 36730
11620 28410
39940 90
38300 1730
37100 2930
38540 1490
30380 9650
39140 890
38220 1810
39260 770
40020 10
23980 16050
23820 16210
18420 21610
32300 7730
40020 10
40020 10
35740 4290
22500 17530
24220 15810
39060 970
11820 28210
7260 32770
33740 6290
20700 19330
9700 30330
28060 11970
39980 50
32740 7290
39900 130
38260 1770
4860 35170
39660 370
5860 34170
31420 8610
39060 970
6220 33810
31420 8610
40020 10
25780 14250
39980 50
12140 27890
1900 38130
40020 10
580 39450
2020 38010
10260 29770
26100 13930
24100 15930
38980 1050
40020 10
2460 37570
2460 37570
39340 690
38260 1770
100 39930
26740 13290
34940 5090
38940 1090
37620 2410
27540 12490
38780 1250
32660 7370
31860 8170
35180 4850
40020 10
39900 130
40020 10
20020 20010
35660 4370
40020 10
39900 130
38820 1210
6740 33290
38700 1330
5220 34810
9300 30730
14500 25530
40020 10
38180 1850
39900 130
38740 1290
40020 10
380 39650
40020 10
38860 1170
39420 610
40020 10
40020 10
39820 210
1940 38090
22300 17730
36540 3490
19420 20610
38900 1130
34180 5850
40020 10
40020 10
39740 290
27860 12170
40020 10
6780 33250
3020 37010
39420 610
40020 10
9380 30650
300 39730
5740 34290
36420 3610
40020 10
140 39890
1780 38250
40020 10
39780 250
38100 1930
39220 810
39780 250
740 39290
39540 490
5380 34650
39900 130
15940 24090
37420 2610
39940 90
39660 370
180 39850
36260 3770
8140 31890
33020 7010
37980 2050
60 39970
29660 10370
40020 10
660 39370
39980 50
40020 10
40020 10
11700 28330
28780 11250
39980 50
40020 10
20780 19250
35780 4250
39540 490
21980 18050
5700 34330
9340 30690
3220 36810
10500 29530
23620 16410
26780 13250
39300 730
28980 11050
14660 25370
28820 11210
37620 2410
35820 4210
34740 5290
40020 10
37540 2490
1300 38730
36060 3970
39580 450
23620 16410
37500 2530
39100 930
39540 490
38700 1330
37140 2890
17580 22450
31620 8410
20 40010
39660 370
1980 38050
39900 130
11540 28490
26140 13890
26140 13890
36900 3130
12980 27050
38140 1890
4940 35090
12860 27170
39940 90
30940 9090
1660 38370
31580 8450
29380 10650
35260 4770
40020 10
39980 50
580 39450
38900 1130
32220 7810
39740 290
1180 38850
39020 1010
1140 38890
32340 7690
37820 2210
39060 970
40020 10
39260 770
9100 30930
32500 7530
3380 36650
39940 90
39460 570
13460 26570
40020 10
6820 33210
22580 17450
39980 50
39780 250
1460 38570
39860 170
12540 27490
16060 23970
17620 22410
20 40010
24380 15650
12860 27170
2060 37970
11260 28770
39860 170
36700 3330
40020 10
3180 36850
38580 1450
3180 36850
36860 3170
20 40010
13500 26530
34780 5250
38500 1530
26740 13290
27340 12690
26140 13890
12580 27450
39020 1010
22580 17450
13500 26530
22980 17050
40020 10
40020 10
4540 35490
740 39290
39820 210
22980 17050
39860 170
39900 130
32300 7730
31220 8810
39980 50
10540 29490
31460 8570
38820 1210
38140 1890
20140 19890
38780 1250
8180 31850
10740 29290
40020 10
37540 2490
35580 4450
24580 15450
39300 730
220 39810
740 39290
34700 5330
19580 20450
28100 11930
35220 4810
25900 14130
23500 16530
9140 30890
14100 25930
39420 610
40020 10
39740 290
40020 10
39780 250
39420 610
40020 10
38340 1690
39300 730
20180 19850
27620 12410
39740 290
29940 10090
14020 26010
40020 10
39900 130
36260 3770
39100 930
32860 7170
30580 9450
39980 50
38940 1090
31980 8050
39940 90
10500 29530
30420 9610
5420 34610
22300 17730
28620 11410
17180 22850
38340 1690
34140 5890
20 40010
40020 10
31780 8250
1140 38890
25740 14290
8860 31170
1860 38170
38900 1130
340 39690
39780 250
6260 33770
40020 10
39940 90
37700 2330
33980 6050
39660 370
8460 31570
1820 38210
37580 2450
22980 17050
32500 7530
9580 30450
38340 1690
25780 14250
35500 4530
37420 2610
32980 7050
36140 3890
1580 38450
37100 2930
9500 30530
31100 8930
40020 10
4580 35450
38940 1090
39380 650
6300 33730
32420 7610
35460 4570
39780 250
30300 9730
26780 13250
20660 19370
20 40010
31300 8730
15380 24650
1900 38130
39060 970
39700 330
35420 4610
19780 20250
19300 20730
39500 530
28260 11770
13980 26050
8380 31650
20860 19170
39660 370
39940 90
28420 11610
23180 16850
37780 2250
40020 10
22260 17770
740 39290
4500 35530
38340 1690
380 39650
4620 35410
39980 50
5420 34610
39900 130
26500 13530
29300 10730
37900 2130
34620 5410
39380 650
40020 10
38940 1090
36180 3850
9580 30450
31940 8090
40020 10
7980 32050
38940 1090
2620 37410
39860 170
4740 35290
24980 15050
38460 1570
26740 13290
22620 17410
15820 24210
25100 14930
31060 8970
220 39810
18540 21490
34580 5450
35100 4930
40020 10
28260 11770
40020 10
1580 38450
2500 37530
28580 11450
39460 570
36860 3170
39700 330
39900 130
20740 19290
15340 24690
39420 610
28420 11610
39860 170
40020 10
30460 9570
11620 28410
24260 15770
37300 2730
21820 18210
36580 3450
38740 1290
30540 9490
780 39250
37060 2970
3860 36170
34700 5330
34140 5890
35180 4850
39940 90
11740 28290
11340 28690
39740 290
14460 25570
32100 7930
35940 4090
21940 18090
39900 130
40020 10
2340 37690
21060 18970
15260 24770
35420 4610
39380 650
39540 490
10780 29250
40020 10
36500 3530
39620 410
34540 5490
7020 33010
39900 130
4740 35290
10420 29610
7660 32370
37380 2650
40020 10
700 39330
39020 1010
37460 2570
8340 31690
28420 11610
36700 3330
26260 13770
33180 6850
820 39210
39580 450
33740 6290
10380 29650
13420 26610
36540 3490
38420 1610
38700 1330
780 39250
33780 6250
39980 50
40020 10
21580 18450
14540 25490
34540 5490
37420 2610
38100 1930
40020 10
40020 10
460 39570
38660 1370
17860 22170
39740 290
4260 35770
39060 970
19380 20650
25700 14330
15380 24650
38540 1490
220 39810
28180 11850
40020 10
35380 4650
39460 570
34300 5730
9180 30850
25860 14170
40020 10
900 39130
1580 38450
21980 18050
1420 38610
2540 37490
8780 31250
39980 50
16500 23530
39980 50
31900 8130
180 39850
18620 21410
27380 12650
38940 1090
22900 17130
40020 10
40020 10
18940 21090
5260 34770
30540 9490
14700 25330
39900 130
29500 10530
20 40010
9500 30530
25900 14130
40020 10
14420 25610
39100 930
39940 90
37860 2170
14060 25970
21620 18410
5540 34490
6260 33770
40020 10
40020 10
23460 16570
35660 4370
19620 20410
39820 210
37980 2050
38340 1690
40020 10
39740 290
40020 10
38700 1330
40020 10
38260 1770
6220 33810
38860 1170
100 39930
18380 21650
29100 10930
40020 10
40020 10
35220 4810
40020 10
19300 20730
36700 3330
39340 690
25980 14050
38180 1850
6940 33090
40020 10
38620 1410
35820 4210
39900 130
31540 8490
10740 29290
11820 28210
40020 10
2660 37370
31340 8690
40020 10
31100 8930
10380 29650
20 40010
40020 10
39940 90
38340 1690
20 40010
8780 31250
28420 11610
22660 17370
11820 28210
19580 20450
39940 90
40020 10
40020 10
40020 10
37540 2490
8500 31530
35900 4130
40020 10
36020 4010
9340 30690
40020 10
20 40010
1700 38330
8980 31050
39460 570
18060 21970
7140 32890
35380 4650
27340 12690
26380 13650
32860 7170
32980 7050
40020 10
39940 90
36660 3370
40020 10
40020 10
27820 12210
11300 28730
40020 10
39660 370
39740 290
40020 10
7860 32170
31380 8650
40020 10
40020 10
39740 290
26980 13050
40020 10
31660 8370
660 39370
40020 10
30660 9370
37900 2130
10900 29130
60 39970
40020 10
37260 2770
38900 1130
740 39290
39740 290
30860 9170
31100 8930
5620 34410
14460 25570
38620 1410
35420 4610
39100 930
7700 32330
6020 34010
40020 10
40020 10
10820 29210
40020 10
40020 10
24980 15050
17100 22930
39820 210
27940 12090
9900 30130
39460 570
37860 2170
25220 14810
39580 450
420 39610
40020 10
36940 3090
38660 1370
1060 38970
39980 50
39700 330
40020 10
40020 10
39980 50
1260 38770
35540 4490
40020 10
38060 1970
9900 30130
39900 130
40020 10
23820 16210
180 39850
40020 10
39180 850
35740 4290
2220 37810
38700 1330
740 39290
38940 1090
39780 250
31620 8410
21180 18850
40020 10
23340 16690
39860 170
39980 50
15140 24890
38820 1210
20 40010
34540 5490
2780 37250
3940 36090
21660 18370
12900 27130
33260 6770
7020 33010
11260 28770
39740 290
39820 210
30380 9650
40020 10
1580 38450
24100 15930
37980 2050
1220 38810
140 39890
39980 50
40020 10
12220 27810
40020 10
4700 35330
20060 19970
12820 27210
500 39530
37780 2250
40020 10
9300 30730
32220 7810
37580 2450
5540 34490
38660 1370
39740 290
39940 90
3660 36370
23700 16330
10580 29450
38380 1650
2020 38010
3940 36090
27260 12770
21860 18170
39940 90
37700 2330
38740 1290
39660 370
40020 10
23860 16170
39820 210
35220 4810
39980 50
39580 450
39820 210
40020 10
11100 28930
40020 10
24540 15490
40020 10
26740 13290
20620 19410
380 39650
25580 14450
11540 28490
39980 50
32580 7450
39980 50
39460 570
38220 1810
14500 25530
10660 29370
40020 10
30140 9890
18860 21170
40020 10
2420 37610
32740 7290
40020 10
39780 250
24500 15530
40020 10
30500 9530
2140 37890
32900 7130
36700 3330
20 40010
40020 10
40020 10
36380 3650
16420 23610
39460 570
30380 9650
18940 21090
380 39650
39380 650
7660 32370
39980 50
31060 8970
28580 11450
9660 30370
29140 10890
35220 4810
39740 290
100 39930
7100 32930
11140 28890
39780 250
40020 10
39980 50
40020 10
16260 23770
13100 26930
16980 23050
12220 27810
140 39890
40020 10
40020 10
24340 15690
18740 21290
39980 50
38460 1570
40020 10
420 39610
38620 1410
2820 37210
38780 1250
23420 16610
12620 27410
38660 1370
40020 10
13740 26290
24860 15170
34860 5170
40020 10
1180 38850
1380 38650
33700 6330
37220 2810
4100 35930
140 39890
40020 10
32980 7050
2180 37850
31180 8850
660 39370
39940 90
13060 26970
30700 9330
40020 10
36500 3530
33980 6050
34260 5770
16620 23410
37980 2050
31460 8570
12340 27690
40020 10
37500 2530
15820 24210
13380 26650
19420 20610
16140 23890
7220 32810
37220 2810
40020 10
5500 34530
3860 36170
14340 25690
35620 4410
18900 21130
39660 370
220 39810
33540 6490
39340 690
39820 210
21380 18650
38460 1570
36780 3250
40020 10
30060 9970
40020 10
39980 50
36260 3770
37300 2730
1780 38250
23340 16690
33700 6330
40020 10
35580 4450
780 39250
35740 4290
15900 24130
40020 10
40020 10
100 39930
38540 1490
38060 1970
40020 10
38620 1410
40020 10
3180 36850
27580 12450
37300 2730
30460 9570
40020 10
11820 28210
23860 16170
15460 24570
180 39850
40020 10
9660 30370
40020 10
39180 850
39620 410
37460 2570
33180 6850
34380 5650
16140 23890
6660 33370
38820 1210
33100 6930
30500 9530
380 39650
40020 10
40020 10
39860 170
17380 22650
39940 90
30260 9770
37220 2810
39860 170
420 39610
35700 4330
6340 33690
39300 730
28980 11050
39820 210
38900 1130
39260 770
1780 38250
40020 10
940 39090
37980 2050
20 40010
39500 530
39500 530
26220 13810
12660 27370
28100 11930
39900 130
39980 50
9100 30930
26380 13650
39860 170
19580 20450
39380 650
40020 10
39980 50
40020 10
40020 10
1340 38690
38900 1130
24100 15930
34260 5770
38140 1890
2340 37690
21140 18890
27260 12770
36460 3570
39500 530
36220 3810
14860 25170
37660 2370
4260 35770
26100 13930
39900 130
60 39970
25740 14290
39580 450
27940 12090
24340 15690
39940 90
1180 38850
35020 5010
26820 13210
37660 2370
35700 4330
37740 2290
11340 28690
25940 14090
39660 370
39620 410
40020 10
21580 18450
31540 8490
38780 1250
34500 5530
40020 10
18060 21970
5140 34890
40020 10
18260 21770
36460 3570
660 39370
4460 35570
39620 410
1100 38930
13420 26610
20260 19770
40020 10
1900 38130
33420 6610
40020 10
340 39690
28100 11930
33860 6170
39900 130
30460 9570
39980 50
37700 2330
40020 10
39940 90
17300 22730
18980 21050
20 40010
14980 25050
12020 28010
38260 1770
1500 38530
37780 2250
26940 13090
20580 19450
4860 35170
740 39290
39540 490
11980 28050
1380 38650
39860 170
220 39810
39260 770
33380 6650
15660 24370
39300 730
2340 37690
39860 170
33100 6930
40020 10
39940 90
13220 26810
31620 8410
2460 37570
40020 10
32500 7530
39580 450
39540 490
3780 36250
39980 50
40020 10
40020 10
25020 15010
11180 28850
39700 330
1820 38210
21020 19010
21300 18730
39780 250
35780 4250
39180 850
39460 570
31620 8410
37980 2050
40020 10
37260 2770
6300 33730
40020 10
13700 26330
39220 810
1700 38330
10060 29970
34940 5090
9940 30090
9740 30290
22300 17730
5860 34170
1580 38450
21700 18330
2380 37650
40020 10
38540 1490
39900 130
3500 36530
35420 4610
8220 31810
10140 29890
5860 34170
23180 16850
36420 3610
6740 33290
26020 14010
40020 10
10460 29570
40020 10
35020 5010
1140 38890
39940 90
39660 370
5500 34530
40020 10
19740 20290
38740 1290
6620 33410
18380 21650
39300 730
39940 90
40020 10
40020 10
38940 1090
5820 34210
37820 2210
38700 1330
39900 130
1140 38890
40020 10
14860 25170
30100 9930
38980 1050
39620 410
21580 18450
39180 850
39980 50
2340 37690
28580 11450
36780 3250
11060 28970
25940 14090
980 39050
16980 23050
38780 1250
37300 2730
39940 90
39900 130
39980 50
500 39530
39620 410
39300 730
18780 21250
34940 5090
39900 130
35820 4210
31260 8770
1900 38130
38460 1570
28300 11730
40020 10
30660 9370
29500 10530
40020 10
38140 1890
24580 15450
26100 13930
3220 36810
39740 290
40020 10
39820 210
39580 450
39820 210
18020 22010
40020 10
40020 10
23580 16450
39620 410
39420 610
10540 29490
60 39970
39220 810
26820 13210
36940 3090
35940 4090
38020 2010
40020 10
39620 410
23180 16850
11260 28770
36620 3410
30660 9370
5220 34810
38940 1090
16620 23410
39780 250
35420 4610
37940 2090
40020 10
6660 33370
40020 10
39980 50
40020 10
39820 210
18900 21130
8020 32010
37340 2690
22300 17730
40020 10
40020 10
2180 37850
13260 26770
36300 3730
1140 38890
38860 1170
38500 1530
35100 4930
6260 33770
23260 16770
39660 370
5660 34370
2220 37810
39980 50
13180 26850
39820 210
39980 50
39620 410
22020 18010
31020 9010
34820 5210
140 39890
38980 1050
40020 10
37180 2850
30940 9090
35060 4970
14420 25610
340 39690
39780 250
14940 25090
23740 16290
37500 2530
60 39970
39980 50
620 39410
32100 7930
38460 1570
38340 1690
31300 8730
40020 10
30620 9410
12060 27970
25180 14850
39740 290
14100 25930
5220 34810
6500 33530
1100 38930
37220 2810
35700 4330
40020 10
36260 3770
27500 12530
37380 2650
40020 10
39780 250
37540 2490
2300 37730
15540 24490
32140 7890
34700 5330
10500 29530
35740 4290
39980 50
10420 29610
10340 29690
37900 2130
13940 26090
40020 10
30900 9130
1580 38450
2060 37970
38180 1850
12580 27450
40020 10
40020 10
36500 3530
39460 570
40020 10
34820 5210
7060 32970
37460 2570
39740 290
39980 50
2380 37650
6500 33530
39820 210
32740 7290
4780 35250
39220 810
39700 330
300 39730
2540 37490
2140 37890
19380 20650
35420 4610
39940 90
20 40010
1860 38170
39980 50
25100 14930
38500 1530
1060 38970
40020 10
31860 8170
23380 16650
20 40010
35860 4170
20 40010
40020 10
13420 26610
29940 10090
39740 290
27660 12370
39900 130
40020 10
40020 10
5580 34450
39300 730
39780 250
40020 10
7540 32490
39980 50
19660 20370
38740 1290
1740 38290
37620 2410
13340 26690
39940 90
34460 5570
39860 170
15140 24890
34140 5890
15380 24650
39060 970
100 39930
37420 2610
60 39970
38780 1250
23100 16930
31620 8410
39140 890
7460 32570
3140 36890
40020 10
38820 1210
27900 12130
12260 27770
2220 37810
420 39610
10340 29690
32860 7170
40020 10
40020 10
39660 370
39260 770
39420 610
39980 50
15020 25010
1380 38650
39500 530
35420 4610
38980 1050
21820 18210
37820 2210
39260 770
40020 10
4540 35490
39900 130
180 39850
30420 9610
33380 6650
6340 33690
860 39170
1180 38850
39900 130
40020 10
36540 3490
38140 1890
20 40010
24460 15570
21260 18770
35820 4210
39420 610
38540 1490
15420 24610
900 39130
9980 30050
40020 10
38900 1130
35220 4810
39820 210
39780 250
22980 17050
34380 5650
39580 450
29780 10250
39820 210
33380 6650
39900 130
300 39730
15180 24850
39740 290
15660 24370
19820 20210
21500 18530
31820 8210
38820 1210
37820 2210
23980 16050
1860 38170
16220 23810
980 39050
31020 9010
60 39970
39660 370
24580 15450
12940 27090
3580 36450
39900 130
35780 4250
36980 3050
39220 810
25380 14650
32660 7370
1380 38650
40020 10
26580 13450
2700 37330
8420 31610
21900 18130
39980 50
39540 490
27660 12370
18300 21730
3740 36290
38780 1250
2340 37690
11900 28130
25580 14450
40020 10
10500 29530
39900 130
38620 1410
17340 22690
39860 170
39660 370
40020 10
39700 330
25700 14330
40020 10
39780 250
21500 18530
6900 33130
9900 30130
39420 610
8060 31970
39900 130
36820 3210
1220 38810
2860 37170
38100 1930
2140 37890
6660 33370
6220 33810
22060 17970
17500 22530
39980 50
38060 1970
6140 33890
20620 19410
40020 10
260 39770
35620 4410
6020 34010
18820 21210
17820 22210
39980 50
21500 18530
38420 1610
11900 28130
40020 10
33580 6450
3060 36970
38860 1170
37780 2250
29740 10290
37260 2770
33540 6490
39940 90
25180 14850
11540 28490
40020 10
39660 370
39700 330
32220 7810
38380 1650
13580 26450
40020 10
21300 18730
7420 32610
40020 10
40020 10
31220 8810
37900 2130
3180 36850
33660 6370
39980 50
39820 210
30180 9850
13660 26370
39980 50
39900 130
40020 10
39980 50
40020 10
19180 20850
40020 10
37420 2610
35740 4290
1980 38050
40020 10
37140 2890
32700 7330
39460 570
37940 2090
39500 530
4180 35850
29620 10410
39420 610
34980 5050
36700 3330
21100 18930
38100 1930
14060 25970
13100 26930
24260 15770
40020 10
39980 50
13460 26570
37940 2090
1300 38730
13060 26970
16340 23690
38260 1770
620 39410
16460 23570
36140 3890
33780 6250
35740 4290
33540 6490
33780 6250
39100 930
39260 770
22540 17490
2620 37410
420 39610
18420 21610
38740 1290
38940 1090
39500 530
100 39930
39780 250
37140 2890
38260 1770
11020 29010
39180 850
40020 10
39860 170
39780 250
38620 1410
40020 10
38060 1970
39620 410
340 39690
39380 650
30700 9330
39860 170
28660 11370
39860 170
40020 10
32380 7650
39980 50
40020 10
19540 20490
37860 2170
40020 10
940 39090
39980 50
35780 4250
36220 3810
25980 14050
37580 2450
39460 570
40020 10
36180 3850
24900 15130
40020 10
4820 35210
39940 90
620 39410
25460 14570
11340 28690
35140 4890
4900 35130
12780 27250
39540 490
37820 2210
38580 1450
39940 90
10340 29690
29820 10210
39500 530
38500 1530
500 39530
39580 450
13940 26090
25980 14050
39860 170
2140 37890
19620 20410
580 39450
40020 10
37740 2290
39620 410
15180 24850
12380 27650
40020 10
11180 28850
37620 2410
28500 11530
26500 13530
30460 9570
220 39810
36700 3330
39660 370
39980 50
40020 10
16820 23210
28980 11050
1100 38930
20260 19770
36580 3450
15940 24090
39980 50
20 40010
31580 8450
35940 4090
2020 38010
7740 32290
39820 210
39940 90
25420 14610
39940 90
40020 10
19900 20130
39820 210
39820 210
32940 7090
180 39850
39660 370
17940 22090
38140 1890
13620 26410
40020 10
34340 5690
27300 12730
35020 5010
31700 8330
980 39050
35340 4690
16860 23170
3500 36530
20140 19890
4060 35970
27340 12690
1260 38770
38620 1410
37740 2290
40020 10
17380 22650
11980 28050
32020 8010
40020 10
39980 50
39940 90
10940 29090
140 39890
40020 10
40020 10
39940 90
3260 36770
39660 370
35340 4690
37260 2770
27780 12250
35740 4290
2420 37610
13860 26170
1380 38650
25540 14490
19340 20690
39980 50
25460 14570
30220 9810
14580 25450
22020 18010
25500 14530
40020 10
38460 1570
7260 32770
39740 290
36220 3810
33620 6410
39940 90
100 39930
32460 7570
36740 3290
39140 890
15660 24370
20860 19170
36660 3370
40020 10
33940 6090
38260 1770
15940 24090
37500 2530
22300 17730
39980 50
39220 810
28340 11690
40020 10
15660 24370
2620 37410
36260 3770
30700 9330
16340 23690
38660 1370
23260 16770
40020 10
40020 10
9060 30970
11220 28810
30220 9810
29860 10170
39940 90
9980 30050
39500 530
36620 3410
28220 11810
40020 10
21660 18370
20900 19130
32380 7650
32300 7730
39980 50
34740 5290
20 40010
39260 770
15260 24770
22020 18010
340 39690
33780 6250
40020 10
37940 2090
40020 10
38500 1530
40020 10
2780 37250
30180 9850
260 39770
40020 10
3660 36370
30060 9970
300 39730
39940 90
39740 290
35220 4810
39540 490
18780 21250
34700 5330
39140 890
39900 130
9860 30170
40020 10
40020 10
39340 690
39900 130
14180 25850
8260 31770
40020 10
39940 90
6100 33930
140 39890
27020 13010
16220 23810
39500 530
29860 10170
38780 1250
1380 38650
28220 11810
40020 10
22500 17530
40020 10
18540 21490
40020 10
23460 16570
19700 20330
20 40010
27620 12410
9780 30250
17220 22810
1020 39010
32860 7170
40020 10
39620 410
32660 7370
40020 10
40020 10
2260 37770
37500 2530
32140 7890
38820 1210
38980 1050
40020 10
16180 23850
39580 450
10820 29210
40020 10
9340 30690
40020 10
40020 10
28580 11450
38900 1130
35660 4370
39980 50
39460 570
38460 1570
28500 11530
40020 10
30620 9410
40020 10
27460 12570
38940 1090
7980 32050
39820 210
15300 24730
39660 370
29660 10370
37940 2090
40020 10
22860 17170
21580 18450
40020 10
3180 36850
19620 20410
27620 12410
12860 27170
39140 890
39820 210
20660 19370
3420 36610
28180 11850
33020 7010
7420 32610
25580 14450
19660 20370
37540 2490
16940 23090
39620 410
34460 5570
28300 11730
39620 410
540 39490
39980 50
35780 4250
4700 35330
40020 10
27100 12930
12260 27770
39500 530
39020 1010
15420 24610
7460 32570
39420 610
20 40010
40020 10
23500 16530
40020 10
33580 6450
6380 33650
38220 1810
940 39090
37940 2090
39980 50
23780 16250
20 40010
20 40010
19700 20330
620 39410
29100 10930
39860 170
10020 30010
33100 6930
37740 2290
38380 1650
940 39090
17580 22450
26380 13650
40020 10
27500 12530
35940 4090
23220 16810
31820 8210
34260 5770
39620 410
300 39730
1940 38090
37900 2130
34180 5850
21740 18290
40020 10
16700 23330
39860 170
13380 26650
35380 4650
31420 8610
38500 1530
3460 36570
39900 130
39660 370
24300 15730
40020 10
14180 25850
2300 37730
15980 24050
1620 38410
39620 410
2740 37290
39860 170
37140 2890
39900 130
38340 1690
180 39850
39060 970
1860 38170
3220 36810
34140 5890
34340 5690
39980 50
17420 22610
13260 26770
30140 9890
38100 1930
26060 13970
17580 22450
24620 15410
37020 3010
40020 10
1100 38930
27620 12410
39460 570
37260 2770
38620 1410
39980 50
39980 50
39740 290
26860 13170
5820 34210
10380 29650
16580 23450
14540 25490
18660 21370
36180 3850
16140 23890
39980 50
15700 24330
1820 38210
18900 21130
6300 33730
40020 10
5220 34810
38820 1210
39260 770
10940 29090
39580 450
20 40010
38980 1050
39940 90
40020 10
38980 1050
38500 1530
40020 10
36100 3930
9700 30330
40020 10
40020 10
21660 18370
39700 330
15500 24530
33620 6410
620 39410
39900 130
39740 290
1900 38130
36580 3450
40020 10
16020 24010
35980 4050
38460 1570
26420 13610
40020 10
31540 8490
5980 34050
500 39530
26180 13850
29420 10610
25340 14690
12060 27970
15700 24330
35740 4290
39220 810
17580 22450
3980 36050
31420 8610
26700 13330
6540 33490
19420 20610
19300 20730
29420 10610
38780 1250
35900 4130
39260 770
20 40010
38380 1650
6380 33650
38100 1930
20700 19330
40020 10
37660 2370
33860 6170
32740 7290
30220 9810
39980 50
40020 10
11620 28410
220 39810
37460 2570
11980 28050
38900 1130
40020 10
31300 8730
40020 10
39980 50
35500 4530
2980 37050
33260 6770
1060 38970
18540 21490
35100 4930
38020 2010
36740 3290
6860 33170
39780 250
39980 50
3340 36690
4860 35170
39100 930
39940 90
33220 6810
36260 3770
39540 490
39980 50
100 39930
35980 4050
38900 1130
40020 10
39860 170
27940 12090
40020 10
5260 34770
35780 4250
36140 3890
39380 650
21580 18450
25340 14690
36380 3650
26380 13650
37460 2570
22260 17770
7660 32370
40020 10
35540 4490
26540 13490
940 39090
14620 25410
35420 4610
36100 3930
4780 35250
4660 35370
25900 14130
19980 20050
29140 10890
37980 2050
4580 35450
32460 7570
38780 1250
4780 35250
40020 10
28460 11570
38540 1490
29740 10290
23900 16130
39860 170
26740 13290
14900 25130
2140 37890
40020 10
40020 10
36900 3130
36380 3650
12140 27890
39980 50
37500 2530
2940 37090
14300 25730
22940 17090
38300 1730
100 39930
13900 26130
39420 610
40020 10
6060 33970
17780 22250
27060 12970
39980 50
39900 130
500 39530
37620 2410
35740 4290
35900 4130
40020 10
22140 17890
39500 530
20 40010
19380 20650
38380 1650
40020 10
29620 10410
39260 770
28220 11810
32620 7410
28140 11890
9140 30890
40020 10
34180 5850
37300 2730
39980 50
38660 1370
12420 27610
39940 90
3900 36130
38940 1090
1100 38930
30700 9330
39380 650
21540 18490
11980 28050
39780 250
36300 3730
820 39210
24660 15370
20340 19690
780 39250
40020 10
17860 22170
60 39970
34060 5970
38900 1130
18900 21130
40020 10
1060 38970
2980 37050
34060 5970
37660 2370
39980 50
7540 32490
38820 1210
37860 2170
40020 10
38980 1050
37940 2090
340 39690
20820 19210
3740 36290
40020 10
16100 23930
40020 10
39220 810
11100 28930
40020 10
26940 13090
900 39130
39620 410
29100 10930
340 39690
30380 9650
35780 4250
3020 37010
9060 30970
40020 10
38140 1890
40020 10
38900 1130
4340 35690
28820 11210
39580 450
34100 5930
34780 5250
5860 34170
3500 36530
9580 30450
4180 35850
39580 450
38980 1050
39420 610
7140 32890
33300 6730
39020 1010
1140 38890
3220 36810
20300 19730
40020 10
21660 18370
3500 36530
40020 10
9700 30330
40020 10
4220 35810
36980 3050
40020 10
27620 12410
28500 11530
14700 25330
40020 10
26380 13650
39820 210
39220 810
17500 22530
39980 50
60 39970
39860 170
11660 28370
1220 38810
38500 1530
31940 8090
39900 130
39660 370
31780 8250
40020 10
5540 34490
40020 10
39060 970
39740 290
9060 30970
39940 90
1500 38530
34820 5210
37460 2570
40020 10
9740 30290
35220 4810
12860 27170
38140 1890
39420 610
4180 35850
1740 38290
39900 130
31020 9010
24860 15170
27460 12570
20 40010
40020 10
37340 2690
25700 14330
2260 37770
18100 21930
36980 3050
9260 30770
13500 26530
39980 50
33180 6850
300 39730
12100 27930
7540 32490
34580 5450
40020 10
35140 4890
40020 10
21180 18850
12660 27370
12380 27650
19060 20970
33220 6810
15260 24770
37980 2050
37620 2410
38820 1210
38380 1650
4540 35490
40020 10
38260 1770
5420 34610
2300 37730
22140 17890
17340 22690
3380 36650
16700 23330
38140 1890
7940 32090
40020 10
39580 450
39900 130
20860 19170
1140 38890
14460 25570
39660 370
40020 10
34540 5490
2500 37530
23660 16370
3580 36450
1420 38610
16180 23850
28460 11570
31140 8890
4900 35130
660 39370
36980 3050
39340 690
31740 8290
7300 32730
14380 25650
38220 1810
9540 30490
40020 10
39940 90
22820 17210
220 39810
40020 10
40020 10
60 39970
2380 37650
37220 2810
19620 20410
36260 3770
39820 210
19420 20610
2340 37690
16980 23050
28380 11650
500 39530
460 39570
24820 15210
5260 34770
36420 3610
19540 20490
37860 2170
4060 35970
36620 3410
27740 12290
37500 2530
36300 3730
21500 18530
39980 50
40020 10
36420 3610
12220 27810
5060 34970
37020 3010
36980 3050
34620 5410
4420 35610
3220 36810
39140 890
40020 10
39580 450
25740 14290
31700 8330
26180 13850
5820 34210
39580 450
40020 10
25460 14570
28860 11170
1100 38930
40020 10
100 39930
37460 2570
38940 1090
39980 50
34340 5690
22380 17650
100 39930
39500 530
40020 10
8460 31570
38460 1570
32900 7130
39660 370
1100 38930
29900 10130
39860 170
580 39450
39660 370
38500 1530
38580 1450
2140 37890
28220 11810
26580 13450
40020 10
6540 33490
10660 29370
40020 10
34380 5650
40020 10
39660 370
37060 2970
37820 2210
38420 1610
2500 37530
24060 15970
3220 36810
40020 10
5220 34810
40020 10
1340 38690
11140 28890
40020 10
36500 3530
10220 29810
10620 29410
34740 5290
26540 13490
39820 210
17580 22450
17260 22770
38020 2010
20660 19370
18660 21370
36020 4010
26580 13450
60 39970
39820 210
39620 410
38340 1690
16580 23450
5300 34730
35180 4850
37020 3010
940 39090
40020 10
39580 450
22100 17930
15340 24690
32020 8010
3860 36170
580 39450
18780 21250
40020 10
39980 50
12740 27290
25260 14770
39980 50
26860 13170
22540 17490
38700 1330
40020 10
39700 330
39460 570
3460 36570
2660 37370
37140 2890
5540 34490
39980 50
39820 210
30660 9370
32060 7970
11180 28850
34940 5090
39820 210
38860 1170
40020 10
16100 23930
15380 24650
4300 35730
39980 50
20 40010
40020 10
35820 4210
39700 330
40020 10
40020 10
2180 37850
24860 15170
23940 16090
38060 1970
11340 28690
380 39650
32220 7810
60 39970
35340 4690
36180 3850
34220 5810
40020 10
39980 50
32660 7370
38700 1330
28020 12010
11180 28850
11300 28730
39940 90
13580 26450
39980 50
21340 18690
27300 12730
38420 1610
19780 20250
2740 37290
20 40010
20 40010
8180 31850
14340 25690
17780 22250
27900 12130
38420 1610
5020 35010
38540 1490
540 39490
10700 29330
40020 10
35660 4370
33460 6570
39700 330
39220 810
39540 490
35020 5010
37540 2490
40020 10
39820 210
27820 12210
40020 10
31420 8610
39420 610
31700 8330
26140 13890
20780 19250
40020 10
6980 33050
13420 26610
39340 690
37500 2530
11260 28770
7140 32890
1380 38650
35060 4970
14020 26010
10100 29930
39300 730
28540 11490
28860 11170
39340 690
29780 10250
660 39370
39020 1010
40020 10
4420 35610
38340 1690
33020 7010
40020 10
7220 32810
7580 32450
3900 36130
37500 2530
40020 10
6940 33090
18540 21490
31660 8370
39740 290
40020 10
22020 18010
39900 130
39700 330
34580 5450
39940 90
39220 810
39540 490
1420 38610
39180 850
15460 24570
40020 10
39700 330
40020 10
40020 10
15860 24170
39980 50
31540 8490
18180 21850
36140 3890
34220 5810
39340 690
3420 36610
36140 3890
40020 10
22180 17850
10420 29610
26900 13130
260 39770
3020 37010
39300 730
40020 10
20 40010
11860 28170
39180 850
22380 17650
19740 20290
40020 10
980 39050
