29985 10045
26197.2 13832.8
20688.1 19341.9
21392.3 18637.7
29811.6 10218.4
27497.2 12532.8
31394.7 8635.31
28098.9 11931.1
23295.5 16734.5
18340.8 21689.2
24913.7 15116.3
32754.6 7275.42
27593.4 12436.6
17816.5 22213.5
31612.7 8417.29
31748.8 8281.22
30247.4 9782.63
21030.3 18999.7
25476 14554
26235.5 13794.5
26054.9 13975.1
26904.1 13125.9
29347.3 10682.7
27167.5 12862.5
22346.9 17683.1
23567.4 16462.6
19480 20550
27229 12801
26801.9 13228.1
23191.7 16838.3
25740.8 14289.2
23120.6 16909.4
25716.7 14313.3
29702.5 10327.5
32994.4 7035.6
28302.7 11727.3
24460 15570
31704.9 8325.13
20297.8 19732.2
18706.6 21323.4
32043.3 7986.72
28943.6 11086.4
27271.3 12758.7
23069.5 16960.5
30873.1 9156.93
21271.3 18758.7
23728.8 16301.2
23879.6 16150.4
13848.9 26181.1
28366.5 11663.5
31809.2 8220.82
18149.2 21880.8
22876.4 17153.6
22206.5 17823.5
30115.5 9914.46
28725.1 11304.9
28215.4 11814.6
23759.9 16270.1
22110.4 17919.6
28879.5 11150.5
23107.2 16922.8
27152.3 12877.7
28359.3 11670.7
25876.4 14153.6
29116.6 10913.4
22726.3 17303.7
18157.8 21872.2
26967 13063
27654.3 12375.7
26082.9 13947.1
25209.9 14820.1
28192.8 11837.2
27467.7 12562.3
22172.4 17857.6
25387.1 14642.9
33013 7017.01
28298.2 11731.8
33930.8 6099.25
20145.1 19884.9
26515 13515
26644.2 13385.8
23161.2 16868.8
24749.8 15280.2
24481.5 15548.5
30494.2 9535.79
29711.2 10318.8
21222.7 18807.3
29479.4 10550.6
22750.5 17279.5
28070.7 11959.3
22596.1 17433.9
22321.5 17708.5
24105.3 15924.7
33726.1 6303.91
18122.1 21907.9
19306.9 20723.1
28762.9 11267.1
26053.4 13976.6
33373.9 6656.15
18892.3 21137.7
27881.7 12148.3
29241.3 10788.7
26427.5 13602.5
23577.5 16452.5
26468.4 13561.6
29326.6 10703.4
22249.8 17780.2
28330.3 11699.7
17065.4 22964.6
27889.9 12140.1
30013.1 10016.9
24059.7 15970.3
28439 11591
26565.1 13464.9
25897.2 14132.8
22822.3 17207.7
28321 11709
19965.9 20064.1
17179.9 22850.1
27770.5 12259.5
30670.4 9359.63
27694.9 12335.1
23515.3 16514.7
31405.4 8624.6
26969.2 13060.8
23069.8 16960.2
24420.2 15609.8
28989 11041
34553 5477.05
31479.2 8550.8
34073.5 5956.49
15796.5 24233.5
31834.9 8195.06
18191.7 21838.3
28741.3 11288.7
31914.5 8115.49
29246.8 10783.2
31449.6 8580.42
31609.1 8420.94
15485.2 24544.8
31748.2 8281.8
29381 10649
27696.7 12333.3
19415.6 20614.4
31669.9 8360.1
32603.3 7426.7
24713.9 15316.1
22995.1 17034.9
33205.8 6824.23
19036.3 20993.7
25392.3 14637.7
28395.1 11634.9
32967.5 7062.47
26799.9 13230.1
24365.4 15664.6
21179.7 18850.3
25744.9 14285.1
27802.4 12227.6
29631.6 10398.4
26408.7 13621.3
26606.4 13423.6
23587.1 16442.9
15200.6 24829.4
23136.4 16893.6
31736.7 8293.29
24995.3 15034.7
25631.7 14398.3
28292.2 11737.8
24588.3 15441.7
21413.7 18616.3
28758 11272
29867.8 10162.2
27817.9 12212.1
29647.9 10382.1
28584.4 11445.6
26934 13096
26741.7 13288.3
25001 15029
19020.3 21009.7
28101.2 11928.8
27112.1 12917.9
26165.9 13864.1
24142.5 15887.5
21511.5 18518.5
18286.3 21743.7
17496.2 22533.8
28772.7 11257.3
30276.4 9753.61
28834.6 11195.4
25795.4 14234.6
29448.5 10581.5
29440 10590
18390.3 21639.7
24580.2 15449.8
26726.1 13303.9
28239.1 11790.9
34399.2 5630.81
32376 7653.99
30418.3 9611.69
31846.1 8183.88
32040.6 7989.41
29140.2 10889.8
22870.3 17159.7
33691.7 6338.34
23164.6 16865.4
29152.8 10877.2
23889.3 16140.7
28857 11173
29245.5 10784.5
20025.6 20004.4
28353.1 11676.9
30387 9642.97
30208.5 9821.51
23923.7 16106.3
19744.2 20285.8
25899.1 14130.9
32501.6 7528.36
25873.9 14156.1
17986.9 22043.1
24831.3 15198.7
29445.8 10584.2
34041.9 5988.13
24166.4 15863.6
25982.2 14047.8
24250.2 15779.8
30156.3 9873.74
22115.1 17914.9
28615.6 11414.4
29407.4 10622.6
33334.9 6695.11
27127.6 12902.4
28915.2 11114.8
27813.5 12216.5
28305.7 11724.3
35493.4 4536.57
28845.7 11184.3
30156.1 9873.94
25326.8 14703.2
27370.6 12659.4
22900.6 17129.4
26482.6 13547.4
27260.1 12769.9
22005.9 18024.1
31859.1 8170.93
31628.1 8401.86
26174.1 13855.9
32846.5 7183.45
11965.3 28064.7
24689 15341
34038 5992
27500.6 12529.4
32493.3 7536.67
30467.4 9562.61
28325 11705
28084.7 11945.3
23496.6 16533.4
31489.4 8540.55
26637 13393
29915 10115
26510.6 13519.4
22048.6 17981.4
17593.6 22436.4
22757.7 17272.3
26522.5 13507.5
31982.1 8047.9
19570.9 20459.1
23305.2 16724.8
27176.2 12853.8
20593.6 19436.4
29233.7 10796.3
27980.4 12049.6
29653.4 10376.6
29012 11018
26778.7 13251.3
34072.5 5957.53
24088.2 15941.8
26612.4 13417.6
28031.7 11998.3
17417.3 22612.7
22083.7 17946.3
22469.8 17560.2
27626.2 12403.8
33145.8 6884.2
34434.1 5595.85
22766.8 17263.2
31337.9 8692.1
31572.9 8457.08
25656.5 14373.5
23478.7 16551.3
21915.4 18114.6
31876.1 8153.94
26913.5 13116.5
27883.5 12146.5
28179.9 11850.1
25629.6 14400.4
23330.8 16699.2
31994.4 8035.58
32409.4 7620.57
32535.5 7494.53
32809.9 7220.09
33123.1 6906.94
30757.1 9272.87
17900.3 22129.7
27603.5 12426.5
31212.6 8817.38
27875.4 12154.6
24593.8 15436.2
22804.8 17225.2
27193.3 12836.7
34809.6 5220.39
35553.8 4476.24
24391 15639
30521.3 9508.66
31932.5 8097.52
30942.4 9087.64
22423.9 17606.1
23404.7 16625.3
25866.3 14163.7
25847.1 14182.9
31463.5 8566.45
27171.5 12858.5
22958.5 17071.5
27998 12032
28233.2 11796.8
25092.4 14937.6
34363.2 5666.8
21921 18109
27991.6 12038.4
26824.7 13205.3
33779.4 6250.55
33967.6 6062.44
22940 17090
31937.7 8092.27
27292 12738
23270.4 16759.6
26259.3 13770.7
21314.8 18715.2
24650.5 15379.5
31105.2 8924.84
30432.6 9597.41
18770.9 21259.1
26396.4 13633.6
20768.1 19261.9
28511.2 11518.8
16624.3 23405.7
23744.1 16285.9
25969.5 14060.5
28735.9 11294.1
21202.7 18827.3
29829.6 10200.4
32181.9 7848.08
30127.4 9902.56
29947.6 10082.4
33519.5 6510.46
22189.9 17840.1
32095.7 7934.28
32596.4 7433.59
23368.9 16661.1
21408 18622
27741.3 12288.7
25424.8 14605.2
25231.3 14798.7
26674.6 13355.4
24256.1 15773.9
35786.6 4243.43
30674.8 9355.22
31425.4 8604.61
21236.5 18793.5
24265.4 15764.6
25191.7 14838.3
34237.3 5792.7
29671.4 10358.6
29417.5 10612.5
28388.5 11641.5
28766.5 11263.5
33071.1 6958.9
27143.4 12886.6
30171.9 9858.1
20731 19299
23318.9 16711.1
17685.5 22344.5
31965.1 8064.93
20439.5 19590.5
29087.2 10942.8
29750 10280
23312.9 16717.1
23090.1 16939.9
26179.3 13850.7
30414.4 9615.57
33877.3 6152.71
28362.3 11667.7
25136.6 14893.4
19799.9 20230.1
26487.9 13542.1
18084.7 21945.3
25925.5 14104.5
32249.7 7780.28
23198.4 16831.6
24392.8 15637.2
23456.3 16573.7
24437.6 15592.4
26864.5 13165.5
25668.7 14361.3
23090.3 16939.7
17604.4 22425.6
25300.6 14729.4
29086.4 10943.6
30277.6 9752.39
25618.3 14411.7
34958.7 5071.26
19660 20370
20790.4 19239.6
20650.9 19379.1
18880.1 21149.9
31138.3 8891.69
20813.7 19216.3
32564.6 7465.38
32511.5 7518.48
16505.9 23524.1
24523.6 15506.4
31182.8 8847.25
33053.2 6976.81
37595.7 2434.34
23263.3 16766.7
33249 6780.97
33097.1 6932.94
27706 12324
20845 19185
34983 5046.99
27695.1 12334.9
28755.3 11274.7
23532.6 16497.4
29164.7 10865.3
34926.3 5103.67
26124.7 13905.3
16286.2 23743.8
35500.9 4529.07
23895.1 16134.9
32722.1 7307.9
26168.7 13861.3
26725.1 13304.9
32559.9 7470.13
26751.5 13278.5
34609.7 5420.29
33767.5 6262.45
30088.2 9941.84
32918.1 7111.86
33352.9 6677.07
25278.7 14751.3
22922.6 17107.4
30203.5 9826.54
34223.9 5806.05
19961.3 20068.7
24307.6 15722.4
34829.8 5200.23
31938.2 8091.82
34033.4 5996.59
26428.1 13601.9
33223.4 6806.57
36566.7 3463.31
26519.5 13510.5
33653.7 6376.26
31570.6 8459.4
33339.1 6690.92
28240.3 11789.7
30998.5 9031.46
28065.3 11964.7
17625.9 22404.1
15861.9 24168.1
26599.1 13430.9
30066.2 9963.81
25395.5 14634.5
30108.6 9921.43
28574.8 11455.2
15765.6 24264.4
23901.5 16128.5
24788.8 15241.2
32081.1 7948.94
29956.7 10073.3
25548.7 14481.3
21908.2 18121.8
26232.7 13797.3
32878.6 7151.44
27906.9 12123.1
23050.3 16979.7
33020.2 7009.83
30585.3 9444.71
16559.3 23470.7
30474.4 9555.61
28332.1 11697.9
19980.6 20049.4
21492.3 18537.7
24285.1 15744.9
32322 7708.04
23741.8 16288.2
21459.7 18570.3
25168.4 14861.6
22632 17398
21103.5 18926.5
24121.8 15908.2
18733.8 21296.2
29922.5 10107.5
29660.3 10369.7
34342.7 5687.33
32173.4 7856.63
25405.7 14624.3
30187.4 9842.59
28696.9 11333.1
26388.7 13641.3
25559 14471
30870.2 9159.8
17225.4 22804.6
31514.2 8515.83
16150.9 23879.1
32751.8 7278.16
18106.2 21923.8
23153.2 16876.8
31901.4 8128.65
31997.2 8032.82
35307.5 4722.51
21753.9 18276.1
18982 21048
34389.2 5640.79
30207 9822.96
28606.8 11423.2
28222.8 11807.2
22972.3 17057.7
18493.9 21536.1
29409.1 10620.9
32945.3 7084.73
22482.3 17547.7
32171.5 7858.53
20974.7 19055.3
31763.8 8266.24
34920 5109.98
21309.5 18720.5
28822.4 11207.6
15945.1 24084.9
24961.8 15068.2
19958.7 20071.3
32706.4 7323.58
27114.4 12915.6
19751.8 20278.2
31092.7 8937.26
31078.5 8951.5
34492.5 5537.55
24421.2 15608.8
28800.9 11229.1
26943.5 13086.5
37595.4 2434.59
31761.9 8268.13
21443 18587
29348.2 10681.8
27064.1 12965.9
12831.3 27198.7
23950.9 16079.1
25102.5 14927.5
28793.6 11236.4
30425.8 9604.22
29808.5 10221.5
36325.4 3704.63
26669.2 13360.8
26984.5 13045.5
26967.4 13062.6
23735.1 16294.9
19453.4 20576.6
30017.4 10012.6
34662.9 5367.07
24722.5 15307.5
22297.4 17732.6
15995.2 24034.8
12635.1 27394.9
29769.3 10260.7
32444.1 7585.87
25800.9 14229.1
19052.8 20977.2
15935.7 24094.3
26042.3 13987.7
30220 9809.96
25520 14510
20179.4 19850.6
27649 12381
20878.1 19151.9
31664.2 8365.84
30810.1 9219.9
25049.5 14980.5
26700.6 13329.4
16041.5 23988.5
27036.2 12993.8
13325.9 26704.1
25412.4 14617.6
32517 7513.03
15954.2 24075.8
35959 4071.01
20017.8 20012.2
21607.6 18422.4
23365.2 16664.8
24114.5 15915.5
25076.1 14953.9
26706.8 13323.2
27595.6 12434.4
27913.5 12116.5
29257.9 10772.1
27066.4 12963.6
22954.9 17075.1
32594.3 7435.74
33987 6042.98
27340.2 12689.8
22841 17189
18260.6 21769.4
24233.4 15796.6
28934.2 11095.8
24832.3 15197.7
27456.7 12573.3
25979.1 14050.9
28774.3 11255.7
22897.4 17132.6
20072.6 19957.4
34351.7 5678.31
31688.9 8341.06
20713.1 19316.9
21146.3 18883.7
20302.1 19727.9
21806.4 18223.6
26014 14016
27985.2 12044.8
28904.5 11125.5
21947.3 18082.7
24272.5 15757.5
20274.5 19755.5
24615.2 15414.8
32743.6 7286.39
29537.2 10492.8
34628.4 5401.57
22116.2 17913.8
25510.9 14519.1
19383.4 20646.6
19469.4 20560.6
19494.9 20535.1
26050 13980
32188.6 7841.35
29144.5 10885.5
28246.7 11783.3
30801.9 9228.07
31663.8 8366.16
23879.2 16150.8
18818.5 21211.5
23713.7 16316.3
20673.5 19356.5
33260.2 6769.75
26227.7 13802.3
27086.5 12943.5
22588.6 17441.4
26433.4 13596.6
25442 14588
30476 9554
31151.1 8878.91
27499 12531
22974.2 17055.8
36843.9 3186.14
27998.7 12031.3
24973.1 15056.9
33064.2 6965.77
31694.9 8335.07
28532.4 11497.6
29034.9 10995.1
22947.2 17082.8
27819.4 12210.6
25662.2 14367.8
24814.5 15215.5
26314.1 13715.9
29134 10896
28938.2 11091.8
23762 16268
22259.7 17770.3
26247.7 13782.3
29695.4 10334.6
26915.7 13114.3
23309.8 16720.2
29238.1 10791.9
28405.1 11624.9
32340.3 7689.73
34397.5 5632.47
29068.7 10961.3
28626.3 11403.7
29088.3 10941.7
29307.9 10722.1
29268.8 10761.2
26688.9 13341.1
25849.5 14180.5
26358.1 13671.9
20484.5 19545.5
28362.5 11667.5
28998.3 11031.7
33843.8 6186.2
23572.9 16457.1
30992.8 9037.24
16450.4 23579.6
26934.4 13095.6
20876.3 19153.7
29112.7 10917.3
26199.9 13830.1
25526.1 14503.9
29690 10340
30203.6 9826.35
35234.6 4795.36
22764.4 17265.6
24827.3 15202.7
33907.3 6122.66
23150.9 16879.1
26817.9 13212.1
23328.4 16701.6
15899.3 24130.7
31842.1 8187.89
22290.6 17739.4
33364.6 6665.43
32289.7 7740.29
26060.2 13969.8
22211.2 17818.8
24844.3 15185.7
29495.2 10534.8
14633.3 25396.7
29028.2 11001.8
24066.4 15963.6
22260.7 17769.3
19138.5 20891.5
24096.5 15933.5
27324.1 12705.9
25034.1 14995.9
30746.4 9283.64
32565.3 7464.72
32479.1 7550.86
12058.4 27971.6
26949 13081
34298.4 5731.58
22786 17244
25084.9 14945.1
32887.4 7142.56
28190.2 11839.8
24780.9 15249.1
24395.3 15634.7
28318.8 11711.2
30400.4 9629.59
26965 13065
26962.9 13067.1
19640 20390
31397.1 8632.87
21888.5 18141.5
16946.8 23083.2
22166.8 17863.2
21451.9 18578.1
29829.7 10200.3
24413.5 15616.5
26417.6 13612.4
30127.1 9902.92
22229.2 17800.8
32726.2 7303.8
16587.1 23442.9
28307.6 11722.4
30641.3 9388.71
24454.2 15575.8
31226.8 8803.2
26880.5 13149.5
24452.5 15577.5
25293.7 14736.3
31986.7 8043.27
29454.8 10575.2
26619.3 13410.7
27663.1 12366.9
26213.9 13816.1
21904.6 18125.4
33971.3 6058.73
22581.6 17448.4
29425.7 10604.3
32107.7 7922.32
28232 11798
28476.7 11553.3
25185.5 14844.5
23897.7 16132.3
24526.1 15503.9
33203.1 6826.95
19400.6 20629.4
22684.3 17345.7
26792.9 13237.1
17841.5 22188.5
30080.1 9949.92
28838 11192
16607 23423
29551.1 10478.9
31512.5 8517.53
16245.4 23784.6
25421.5 14608.5
26420.2 13609.8
32414.7 7615.29
33918.5 6111.54
26244.8 13785.2
22260.3 17769.7
26963.3 13066.7
26899.9 13130.1
30324.1 9705.86
21140.4 18889.6
30801.3 9228.67
31881 8149.05
34122.6 5907.45
24761.8 15268.2
31468.3 8561.69
23723.8 16306.2
28756.2 11273.8
24625 15405
27979.6 12050.4
25441.9 14588.1
31490.7 8539.32
21954.1 18075.9
38198.6 1831.44
19990.3 20039.7
27474.6 12555.4
31496.3 8533.68
28189.4 11840.6
22327.3 17702.7
28549 11481
32179.1 7850.91
26722.2 13307.8
32333.4 7696.6
20250.5 19779.5
24032.3 15997.7
31087.3 8942.68
31178.1 8851.93
21874.6 18155.4
24902.1 15127.9
30274.8 9755.23
30784.4 9245.59
29864.7 10165.3
29573.2 10456.8
21432.9 18597.1
27845.1 12184.9
31694.3 8335.74
25042.4 14987.6
16087.7 23942.3
23465.5 16564.5
25797 14233
31795.3 8234.69
17224 22806
21326.9 18703.1
27402.1 12627.9
29699.1 10330.9
20575.4 19454.6
28157.7 11872.3
23340.4 16689.6
27567.5 12462.5
27152.8 12877.2
12262.2 27767.8
30094.9 9935.05
27016.6 13013.4
21484.6 18545.4
17821.5 22208.5
20874.1 19155.9
30311.4 9718.61
23326.2 16703.8
28003.2 12026.8
28111.5 11918.5
23539.7 16490.3
28810.5 11219.5
29754.1 10275.9
32259.1 7770.85
30614.4 9415.57
27641 12389
27447.5 12582.5
20419.4 19610.6
30320.5 9709.49
20008.2 20021.8
20623.4 19406.6
26915.8 13114.2
21140.1 18889.9
33578.7 6451.3
24127.7 15902.3
19781.5 20248.5
20518.9 19511.1
22492.7 17537.3
32083.1 7946.92
29692.3 10337.7
30816.9 9213.07
23616.4 16413.6
29284.7 10745.3
27074.2 12955.8
23269.6 16760.4
28069.8 11960.2
28605.5 11424.5
18356.8 21673.2
34778.6 5251.43
32425 7605.01
30247.6 9782.44
25410 14620
20900.3 19129.7
28601.7 11428.3
32955.7 7074.3
29671.4 10358.6
27627.8 12402.2
25782.8 14247.2
29365.7 10664.3
23638 16392
21580 18450
31702.1 8327.94
31551.4 8478.62
27980.4 12049.6
17988.5 22041.5
26827.5 13202.5
30675 9355.04
28394.2 11635.8
32326.8 7703.24
20725.4 19304.6
29396.1 10633.9
25100.1 14929.9
27903.6 12126.4
35633.6 4396.44
29323.5 10706.5
16096.4 23933.6
28196.4 11833.6
29024.3 11005.7
21570.3 18459.7
23506.7 16523.3
17495.7 22534.3
29247.6 10782.4
28361.5 11668.5
25316.4 14713.6
29921.8 10108.2
25452.3 14577.7
29420.2 10609.8
25795 14235
28196.8 11833.2
19620.7 20409.3
27634.5 12395.5
30340.2 9689.76
32617.8 7412.21
25860.9 14169.1
16898.6 23131.4
30440 9590.03
31070.3 8959.66
27873 12157
17926.1 22103.9
24821.1 15208.9
29365.7 10664.3
24749.1 15280.9
24437.4 15592.6
27615 12415
24034.5 15995.5
30024.5 10005.5
25109.3 14920.7
33125 6905.03
15882.2 24147.8
28800.9 11229.1
29427.7 10602.3
35283.6 4746.43
33443.6 6586.45
22220.3 17809.7
30540.3 9489.66
32203.6 7826.38
23427.7 16602.3
29436.9 10593.1
20293.3 19736.7
24875.1 15154.9
28333.4 11696.6
30018.4 10011.6
19243.7 20786.3
24241.8 15788.2
26517.2 13512.8
29802.3 10227.7
22038.2 17991.8
24089.1 15940.9
31689.7 8340.34
22089.6 17940.4
36427.5 3602.48
35148.6 4881.39
32057.5 7972.53
25985.7 14044.3
23259.9 16770.1
27723.3 12306.7
20484.5 19545.5
25650 14380
25608.9 14421.1
32638.9 7391.1
20593.7 19436.3
23848.2 16181.8
29927.2 10102.8
27875.8 12154.2
32966 7063.96
24460.4 15569.6
28072.6 11957.4
32723.6 7306.42
30732.9 9297.05
26054.7 13975.3
28290.7 11739.3
34967.2 5062.75
29945 10085
22851 17179
31672.2 8357.76
29364.2 10665.8
24729 15301
26631 13399
27725.7 12304.3
27684.4 12345.6
27167.6 12862.4
23174.7 16855.3
27896.2 12133.8
27741.9 12288.1
26639 13391
26890.7 13139.3
29861 10169
29319 10711
29875.5 10154.5
21097.4 18932.6
34146 5884.04
19566 20464
17024.6 23005.4
19134.3 20895.7
20122.7 19907.3
28141.9 11888.1
30483.9 9546.06
29660.1 10369.9
31405.7 8624.3
28818.1 11211.9
17965 22065
20578.6 19451.4
27852 12178
18836.5 21193.5
29185 10845
22730.9 17299.1
34719.4 5310.61
28757.5 11272.5
27183.9 12846.1
24864.9 15165.1
20327 19703
26070.4 13959.6
28408.6 11621.4
28871.2 11158.8
23518.6 16511.4
28102 11928
28027 12003
23723.6 16306.4
19597.6 20432.4
35183.4 4846.64
36720.3 3309.74
32467.6 7562.36
27404.3 12625.7
20876.4 19153.6
21927.9 18102.1
32749.4 7280.56
21888.8 18141.2
31078.8 8951.23
30844.6 9185.36
28618 11412
29253.6 10776.4
33458.6 6571.44
25452.2 14577.8
20550.1 19479.9
15244.5 24785.5
21854 18176
25376.7 14653.3
18755.8 21274.2
31114.7 8915.29
23747.8 16282.2
26452.9 13577.1
27153.1 12876.9
25053.2 14976.8
23420.2 16609.8
27702.7 12327.3
28398.7 11631.3
34439.6 5590.42
25533.7 14496.3
32264.6 7765.37
26625.3 13404.7
22495.4 17534.6
18286.8 21743.2
24338.6 15691.4
23540.1 16489.9
27891.2 12138.8
31744.4 8285.56
22208 17822
29581.3 10448.7
31809.9 8220.08
20757.6 19272.4
32147.3 7882.7
32467 7563.03
27991.5 12038.5
23991.8 16038.2
26477 13553
16993.4 23036.6
20095.8 19934.2
19816 20214
28453.3 11576.7
18819.9 21210.1
21518.9 18511.1
20527.2 19502.8
27663.5 12366.5
30847.8 9182.21
26621.9 13408.1
21295.2 18734.8
22925.9 17104.1
15679.5 24350.5
28264.3 11765.7
19289.7 20740.3
34772.9 5257.09
22331.6 17698.4
27728.1 12301.9
25214.4 14815.6
22067.3 17962.7
26866.4 13163.6
23694 16336
26896.6 13133.4
20977.6 19052.4
17582.6 22447.4
22521.8 17508.2
32356.7 7673.28
14504.2 25525.8
21371.4 18658.6
24325.5 15704.5
31103.1 8926.94
22127.7 17902.3
26404.3 13625.7
26912.5 13117.5
26484.3 13545.7
23654.5 16375.5
23468.7 16561.3
24547.3 15482.7
25732.7 14297.3
24873.5 15156.5
23130 16900
26037.9 13992.1
15616 24414
26629.6 13400.4
25550.8 14479.2
26271.4 13758.6
30052.5 9977.54
27844.4 12185.6
23704.7 16325.3
23441.5 16588.5
32189.8 7840.23
25756.7 14273.3
24391.7 15638.3
24698.3 15331.7
28733.3 11296.7
27027.4 13002.6
30271.8 9758.16
27448 12582
22297.5 17732.5
29078.4 10951.6
20250.6 19779.4
23979.6 16050.4
36076.5 3953.54
27041.7 12988.3
30053.1 9976.88
22619.4 17410.6
34700 5330.04
23075.3 16954.7
26020.7 14009.3
26858.3 13171.7
19631.8 20398.2
28301.1 11728.9
34457.8 5572.21
29520.4 10509.6
24266.4 15763.6
26892.1 13137.9
34517.8 5512.22
33087 6943
23641.6 16388.4
23687.4 16342.6
30556.8 9473.22
22505.9 17524.1
31382.2 8647.82
28656.7 11373.3
26268.8 13761.2
22142.8 17887.2
25117.3 14912.7
24638.5 15391.5
35436.1 4593.91
20883.6 19146.4
24078.9 15951.1
23828.5 16201.5
20475.5 19554.5
22257.8 17772.2
18197.9 21832.1
21470.3 18559.7
23414.5 16615.5
25115.2 14914.8
18475.9 21554.1
31027.9 9002.05
20275.8 19754.2
27324.4 12705.6
27184 12846
25460.7 14569.3
18336.8 21693.2
24883.2 15146.8
33853.5 6176.48
28400.1 11629.9
29291.1 10738.9
28412.8 11617.2
23262.3 16767.7
28136.1 11893.9
28658.8 11371.2
33576.3 6453.73
24987.6 15042.4
30628.8 9401.18
24330.3 15699.7
33761.8 6268.18
27362.2 12667.8
34011.3 6018.74
29660.4 10369.6
23645.5 16384.5
27414.8 12615.2
35848.4 4181.63
25905.3 14124.7
31391.3 8638.71
19448.5 20581.5
22964.8 17065.2
25660.3 14369.7
28891.5 11138.5
27473.2 12556.8
26921.6 13108.4
32610.1 7419.91
30658.8 9371.19
33004.2 7025.78
30942.8 9087.18
30466.5 9563.49
31651.5 8378.5
29638.3 10391.7
24956.2 15073.8
33194.3 6835.69
28090.5 11939.5
23599.4 16430.6
18137.4 21892.6
25013.3 15016.7
23092.9 16937.1
26861.9 13168.1
25603.3 14426.7
32535.6 7494.39
25638.3 14391.7
29604.1 10425.9
27691.9 12338.1
30027.4 10002.6
32482.8 7547.21
29034 10996
30473.3 9556.69
21242.2 18787.8
26412.3 13617.7
30340.9 9689.09
25956.3 14073.7
24865.6 15164.4
22315.8 17714.2
27038.9 12991.1
29262.7 10767.3
27223.4 12806.6
23474 16556
33362.2 6667.78
26845.5 13184.5
18415.5 21614.5
33705.7 6324.27
27143.6 12886.4
24902.2 15127.8
35565.6 4464.35
23075.6 16954.4
30431.1 9598.85
24397.1 15632.9
25570.9 14459.1
33198.5 6831.47
21603.7 18426.3
20716.4 19313.6
36173.6 3856.41
14651.6 25378.4
17944.5 22085.5
14363.1 25666.9
25925.3 14104.7
27695.4 12334.6
24682.4 15347.6
27689 12341
28203.2 11826.8
26143.6 13886.4
23041.1 16988.9
26024.6 14005.4
25751.2 14278.8
29435.7 10594.3
19827.6 20202.4
23992.1 16037.9
27695.2 12334.8
29888.2 10141.8
22878.4 17151.6
14782.5 25247.5
33458.6 6571.37
22064.4 17965.6
25262 14768
28719.7 11310.3
28369.2 11660.8
33967.2 6062.8
30808.2 9221.78
28199.4 11830.6
30838.3 9191.69
25369.3 14660.7
25040.6 14989.4
27351.6 12678.4
31500.1 8529.91
24008.1 16021.9
27131.2 12898.8
34193.8 5836.24
26894 13136
33298.4 6731.6
28132.3 11897.7
26227.5 13802.5
34106.7 5923.25
27720.6 12309.4
18227.6 21802.4
28528.8 11501.2
25197 14833
26819.7 13210.3
22546.8 17483.2
28957.2 11072.8
24564.3 15465.7
36281.6 3748.37
28660.5 11369.5
21877.9 18152.1
32042.2 7987.76
29278.9 10751.1
23369.9 16660.1
22347.3 17682.7
27316.2 12713.8
32013.8 8016.17
21295.8 18734.2
23950.9 16079.1
27356.1 12673.9
29979.1 10050.9
32641.1 7388.9
29003.3 11026.7
35039.5 4990.49
29466.3 10563.7
23244.2 16785.8
25666.6 14363.4
19264.4 20765.6
34928.4 5101.57
30120.2 9909.85
22434 17596
21491.9 18538.1
28900.7 11129.3
28701.4 11328.6
31199.5 8830.48
27275.3 12754.7
24499.2 15530.8
20483.8 19546.2
24290.9 15739.1
26432.8 13597.2
26674.6 13355.4
32686.6 7343.36
29148.1 10881.9
18347.3 21682.7
22611.7 17418.3
29770.7 10259.3
32507.3 7522.67
30923.6 9106.44
29371.1 10658.9
23929.3 16100.7
23780.5 16249.5
24247.1 15782.9
24337 15693
32850.5 7179.5
28473.8 11556.2
31657.4 8372.64
19963.4 20066.6
28523.2 11506.8
20436.1 19593.9
26249.6 13780.4
27593.4 12436.6
26445.7 13584.3
26651 13379
28572.1 11457.9
28419.9 11610.1
14756.5 25273.5
27236.9 12793.1
25172.9 14857.1
25515.7 14514.3
29351.5 10678.5
33648.6 6381.38
29625 10405
29489.9 10540.1
33139.9 6890.12
25684.8 14345.2
20776.6 19253.4
28801.5 11228.5
23989.5 16040.5
29394.3 10635.7
28411.1 11618.9
23980.3 16049.7
30712.1 9317.89
30751.2 9278.82
31525.5 8504.49
17658.5 22371.5
29100.8 10929.2
25546.9 14483.1
26415 13615
23420 16610
24086 15944
16765 23265
23850.1 16179.9
31535 8495.04
24539.2 15490.8
21567.9 18462.1
21964.8 18065.2
27175.6 12854.4
33870 6159.96
22883.7 17146.3
25711.1 14318.9
25382 14648
26448.9 13581.1
21768.6 18261.4
26443.7 13586.3
26880.6 13149.4
22363.1 17666.9
32374.9 7655.12
29577.4 10452.6
19250.6 20779.4
27023 13007
32408 7622.03
26966.2 13063.8
28214.7 11815.3
26305.3 13724.7
34037.8 5992.22
21665 18365
26823.9 13206.1
32171.7 7858.26
19601.5 20428.5
25776.6 14253.4
26869.5 13160.5
23368 16662
21804.4 18225.6
22974.7 17055.3
26992.7 13037.3
30191.4 9838.57
35616.5 4413.53
31258.2 8771.85
26844.8 13185.2
30315.9 9714.07
18625.3 21404.7
28852.4 11177.6
30505.5 9524.55
22937.6 17092.4
28896.5 11133.5
25976.2 14053.8
28513.4 11516.6
32550.6 7479.37
23620.1 16409.9
22792 17238
33718.6 6311.44
26424.3 13605.7
31396.5 8633.53
25413.3 14616.7
30920.4 9109.63
23888.9 16141.1
25793.8 14236.2
27518.8 12511.2
22197.2 17832.8
22657.1 17372.9
32911.4 7118.57
26276.8 13753.2
25099.1 14930.9
26628.3 13401.7
23306.4 16723.6
22787 17243
29316.3 10713.7
15857.1 24172.9
33013.6 7016.37
31047.1 8982.88
27292 12738
18951.6 21078.4
29132.2 10897.8
27507 12523
16706 23324
19692.7 20337.3
34676.3 5353.71
19690.8 20339.2
25015.5 15014.5
27149.3 12880.7
30510.5 9519.51
30893.7 9136.29
21701 18329
25392.3 14637.7
37148.9 2881.1
31717.2 8312.84
30009.8 10020.2
25760.8 14269.2
33495.6 6534.36
28710.5 11319.5
24917.5 15112.5
24188.2 15841.8
34291.7 5738.34
21184.8 18845.2
34830.2 5199.84
30126.8 9903.16
21252.6 18777.4
22724.4 17305.6
28670 11360
17414.9 22615.1
31636 8393.95
25178.4 14851.6
28771 11259
28077.3 11952.7
28699.9 11330.1
34245.6 5784.39
30027 10003
25177.9 14852.1
26160.8 13869.2
25056.2 14973.8
30708.5 9321.49
25634.7 14395.3
20429.5 19600.5
26462 13568
22961.2 17068.8
29620.4 10409.6
30720.8 9309.24
29268.9 10761.1
25347.7 14682.3
25351.3 14678.7
35540.7 4489.27
28177.5 11852.5
24701.9 15328.1
26530.7 13499.3
31315 8714.98
25331.1 14698.9
16943.1 23086.9
27068.4 12961.6
31715.5 8314.48
28528.9 11501.1
27733.4 12296.6
26719.3 13310.7
32576.6 7453.44
23255.4 16774.6
31443.8 8586.18
26752.6 13277.4
27819.3 12210.7
30630.5 9399.52
29557.9 10472.1
22439.6 17590.4
36023.7 4006.35
34393.2 5636.81
23918.2 16111.8
29987.7 10042.3
25253.1 14776.9
25814.7 14215.3
30671.5 9358.51
26048 13982
19178.6 20851.4
28806.1 11223.9
27903.1 12126.9
28624.6 11405.4
24247.9 15782.1
29659.6 10370.4
32436.5 7593.54
22683.8 17346.2
28320.2 11709.8
26932.3 13097.7
18593.3 21436.7
23517.4 16512.6
22439.6 17590.4
31904.1 8125.91
35420.9 4609.08
27815.8 12214.2
27572.1 12457.9
33062.4 6967.6
17903.2 22126.8
30575.8 9454.17
23754.3 16275.7
23651.2 16378.8
27996.3 12033.7
25623.6 14406.4
29073.2 10956.8
25692.7 14337.3
29269.2 10760.8
29108.5 10921.5
29606.8 10423.2
23507.2 16522.8
25519.7 14510.3
29183.4 10846.6
21263 18767
32700.8 7329.22
28104.8 11925.2
22459.7 17570.3
17053.9 22976.1
22140 17890
17672.8 22357.2
31999.4 8030.61
17147.4 22882.6
25704.2 14325.8
18469.5 21560.5
25429.9 14600.1
26945.2 13084.8
25703.6 14326.4
24850.8 15179.2
28515.9 11514.1
33276.2 6753.81
20266 19764
30958.6 9071.36
22563.3 17466.7
17406.4 22623.6
24905.1 15124.9
24679.3 15350.7
25758.2 14271.8
22452.5 17577.5
23646.4 16383.6
33884.5 6145.48
18610.6 21419.4
28857.1 11172.9
20145.2 19884.8
19351.9 20678.1
25543.4 14486.6
23783.3 16246.7
26569.2 13460.8
29137 10893
30386.5 9643.47
36406.3 3623.7
20602.8 19427.2
32146.5 7883.55
23534.8 16495.2
25907.2 14122.8
23464.8 16565.2
34447.8 5582.18
20949.5 19080.5
20856.8 19173.2
20147 19883
30155.5 9874.53
30271.6 9758.4
27813.5 12216.5
29763.8 10266.2
30495 9534.95
19593.2 20436.8
32296.7 7733.31
31323.3 8706.68
25367.2 14662.8
16799 23231
30540.8 9489.21
34411 5619.03
18564.2 21465.8
25606.3 14423.7
24506 15524
22880.8 17149.2
28577.3 11452.7
29814.4 10215.6
17243.2 22786.8
24968.8 15061.2
31352.7 8677.31
18637.3 21392.7
23972.6 16057.4
26963.8 13066.2
36328.3 3701.71
31429.4 8600.57
24653.8 15376.2
31588.6 8441.38
27593.8 12436.2
30219 9810.99
22853.7 17176.3
23315.9 16714.1
29307.9 10722.1
20348.8 19681.2
24119.1 15910.9
33487.5 6542.5
29616 10414
35552.6 4477.4
26336.4 13693.6
22189.9 17840.1
27224.6 12805.4
24125 15905
29722.2 10307.8
26381.9 13648.1
22286.5 17743.5
22350.4 17679.6
20868 19162
32275.3 7754.68
30048.4 9981.56
23557 16473
34508 5521.97
13860 26170
33041.8 6988.19
33489.9 6540.15
26375 13655
22711.4 17318.6
32575.3 7454.74
30566.3 9463.73
32520.3 7509.75
29196.4 10833.6
30498.1 9531.88
18546.9 21483.1
18474.3 21555.7
22644.8 17385.2
28364.8 11665.2
23523.1 16506.9
28607.2 11422.8
21212.2 18817.8
23612.1 16417.9
24676.4 15353.6
25910 14120
28156.2 11873.8
32814.1 7215.87
30079.7 9950.27
26772.9 13257.1
28852.1 11177.9
24447 15583
15038.1 24991.9
24431.3 15598.7
20866 19164
36328.4 3701.6
26197.2 13832.8
19657.4 20372.6
23247.8 16782.2
30630.5 9399.51
27891 12139
21117.3 18912.7
30211.6 9818.38
24655.1 15374.9
30168.8 9861.24
21736.3 18293.7
19180.5 20849.5
26366.8 13663.2
26240.4 13789.6
28141.7 11888.3
23886.2 16143.8
24847.4 15182.6
11571.9 28458.1
31129.9 8900.13
19895.4 20134.6
25749.5 14280.5
30014.5 10015.5
34926.5 5103.5
24418.4 15611.6
33878.9 6151.09
21216.1 18813.9
23740.8 16289.2
25725 14305
32333.2 7696.81
18170.7 21859.3
19788.1 20241.9
25222.9 14807.1
28888.1 11141.9
28434.7 11595.3
21156.8 18873.2
28001.3 12028.7
28838.2 11191.8
31930.3 8099.67
32413.2 7616.76
23668.3 16361.7
24331.8 15698.2
23516.1 16513.9
33003.4 7026.59
28879 11151
32062.7 7967.33
20344.3 19685.7
23036.1 16993.9
27170.2 12859.8
20807.8 19222.2
25939.5 14090.5
25833.7 14196.3
26641.6 13388.4
16093.9 23936.1
25621.8 14408.2
27454.4 12575.6
23103.1 16926.9
23994.7 16035.3
32533.6 7496.37
19489.3 20540.7
25081.4 14948.6
28859.8 11170.2
26383.4 13646.6
26108.2 13921.8
26070.1 13959.9
19772.5 20257.5
21711.6 18318.4
24709.3 15320.7
18324.3 21705.7
31519.2 8510.77
16906.6 23123.4
31918.8 8111.23
21547.5 18482.5
31742.7 8287.25
15981.1 24048.9
26622.5 13407.5
25957.8 14072.2
17923.1 22106.9
24169.8 15860.2
28547 11483
26841.2 13188.8
33346.5 6683.52
26012.9 14017.1
26486 13544
35337.3 4692.68
25614 14416
28257.8 11772.2
18436.7 21593.3
25735.2 14294.8
28246.7 11783.3
26646.4 13383.6
29123 10907
20464.2 19565.8
27448.1 12581.9
28789.7 11240.3
25361 14669
25796 14234
25050 14980
27143.5 12886.5
24663 15367
24662.4 15367.6
27182.1 12847.9
28715.9 11314.1
19169.4 20860.6
27453.8 12576.2
35082 4947.96
27738.1 12291.9
22781.8 17248.2
18563.9 21466.1
35146.9 4883.08
32017.5 8012.49
25093.1 14936.9
21019.2 19010.8
31031.3 8998.71
29993.3 10036.7
28336 11694
31593.6 8436.4
31598.5 8431.52
28976 11054
29783.3 10246.7
25784.1 14245.9
25750.9 14279.1
21468.9 18561.1
26996.8 13033.2
31306.2 8723.84
23242.4 16787.6
27472.7 12557.3
24185.5 15844.5
25291 14739
24077.3 15952.7
26076.3 13953.7
31792.3 8237.72
22140.2 17889.8
25577.4 14452.6
27724.5 12305.5
23974 16056
28953.3 11076.7
22730.4 17299.6
22861.4 17168.6
29074.8 10955.2
20521.6 19508.4
29148.7 10881.3
29880.8 10149.2
30215.3 9814.68
28348.6 11681.4
20117 19913
23032.5 16997.5
22607.5 17422.5
29629.3 10400.7
26964.4 13065.6
20499.7 19530.3
33342.9 6687.11
25815 14215
28322.9 11707.1
28298.4 11731.6
31274.7 8755.27
36182.8 3847.17
27104.2 12925.8
25671.5 14358.5
33958.1 6071.87
32118.8 7911.22
27614.7 12415.3
27586.4 12443.6
32359.9 7670.12
32180.9 7849.07
28150.8 11879.2
25440.9 14589.1
30634.9 9395.09
24048 15982
30804.3 9225.69
31853 8176.99
28082.4 11947.6
26791.6 13238.4
34350.4 5679.55
12194.9 27835.1
31322.5 8707.46
23936 16094
24688.4 15341.6
27429 12601
26803.1 13226.9
26092.4 13937.6
30342.1 9687.91
33701.8 6328.2
26128.7 13901.3
26410.7 13619.3
27147.4 12882.6
28771.9 11258.1
22015.3 18014.7
18209.2 21820.8
28203.3 11826.7
32825.8 7204.22
23006.3 17023.7
17978.5 22051.5
21877.9 18152.1
28141.2 11888.8
20333.3 19696.7
26644.2 13385.8
23288.4 16741.6
29728.2 10301.8
23221.6 16808.4
28258.3 11771.7
12751.1 27278.9
26725.6 13304.4
24956.6 15073.4
30735.2 9294.81
32388.6 7641.43
33394.4 6635.56
17032.9 22997.1
21005.7 19024.3
26678.2 13351.8
21318.3 18711.7
29422 10608
22130.3 17899.7
21549 18481
19087.6 20942.4
33405.2 6624.81
23137.5 16892.5
23907.3 16122.7
30113.7 9916.3
34706.2 5323.77
35759.4 4270.65
29536.4 10493.6
26380.1 13649.9
30163.5 9866.54
30053.7 9976.29
31070.7 8959.26
32235 7795.05
35202 4828.03
33446.6 6583.43
24645.1 15384.9
25575.3 14454.7
18301.2 21728.8
32839.8 7190.19
29238.4 10791.6
28740.2 11289.8
30691.4 9338.65
29979.1 10050.9
34776.8 5253.22
13119 26911
19360.3 20669.7
29896.7 10133.3
27225.4 12804.6
20673.8 19356.2
34124.3 5905.69
29688.2 10341.8
33074.7 6955.28
21129.3 18900.7
29925 10105
32810.2 7219.78
27717.1 12312.9
27971.5 12058.5
29589.5 10440.5
27099.9 12930.1
25771.9 14258.1
24671.2 15358.8
21416.7 18613.3
30001.7 10028.3
28696 11334
26228.7 13801.3
21593.2 18436.8
28331.6 11698.4
33111.7 6918.33
28432 11598
25354 14676
26401.1 13628.9
24836.1 15193.9
23877.6 16152.4
24377.7 15652.3
24609.8 15420.2
21728.8 18301.2
28438.5 11591.5
23131.4 16898.6
30009.4 10020.6
24492.6 15537.4
27572.2 12457.8
32076.9 7953.15
27056.4 12973.6
26423.3 13606.7
25760.7 14269.3
32918.7 7111.25
24548.3 15481.7
27095.6 12934.4
20714.9 19315.1
29076.7 10953.3
34703.9 5326.1
34493.2 5536.85
30079.7 9950.31
30139.7 9890.28
27115.3 12914.7
16817 23213
30657 9373.02
25162.5 14867.5
26199.6 13830.4
24111.2 15918.8
23656.5 16373.5
23518.5 16511.5
33121.6 6908.42
30349.5 9680.51
24204.2 15825.8
28236.6 11793.4
33426.1 6603.94
24835 15195
28154.2 11875.8
24263.5 15766.5
27071.2 12958.8
27516.5 12513.5
24625.8 15404.2
28712.8 11317.2
34520.5 5509.49
27012.8 13017.2
28202.7 11827.3
23030.3 16999.7
26792.7 13237.3
27932.3 12097.7
25342.2 14687.8
25265.4 14764.6
29061.3 10968.7
30492.6 9537.43
31735.3 8294.68
25944.4 14085.6
31038.6 8991.4
35250.9 4779.05
21271.9 18758.1
29907.2 10122.8
31921.6 8108.43
24143.5 15886.5
23113.6 16916.4
30914.6 9115.41
30327.3 9702.73
29167.5 10862.5
23483.3 16546.7
35225.4 4804.56
26760.2 13269.8
25390.3 14639.7
17372.2 22657.8
19258.6 20771.4
22840.4 17189.6
34382 5647.96
27186.9 12843.1
23934.8 16095.2
33509.7 6520.34
36858.3 3171.75
30686.5 9343.5
27937.6 12092.4
18510.4 21519.6
26611.4 13418.6
28073.7 11956.3
22119.2 17910.8
13359.5 26670.5
25442.6 14587.4
25285 14745
25034.6 14995.4
22637 17393
23027.8 17002.2
26590.2 13439.8
18657.7 21372.3
20689.1 19340.9
24906.4 15123.6
23434.2 16595.8
31393.8 8636.24
18875.3 21154.7
33441.8 6588.25
31572 8458.05
27471.4 12558.6
27122 12908
32784.1 7245.94
26247.8 13782.2
18286.7 21743.3
34205.7 5824.26
20427.4 19602.6
27992.1 12037.9
19528 20502
26584.3 13445.7
15177 24853
27016.5 13013.5
31507.2 8522.76
35616 4413.99
22213.4 17816.6
33539.1 6490.91
25611.6 14418.4
28220.8 11809.2
29745.7 10284.3
30941.1 9088.86
26181 13849
19796.4 20233.6
27401.7 12628.3
31894.5 8135.52
21157 18873
29366.1 10663.9
28540.7 11489.3
26908.6 13121.4
23556.5 16473.5
25255.5 14774.5
25657.4 14372.6
30642.1 9387.91
27744 12286
28228.1 11801.9
16845.7 23184.3
28055.5 11974.5
27018.7 13011.3
20360.7 19669.3
26788.8 13241.2
22711.2 17318.8
16012 24018
24610.2 15419.8
21861.1 18168.9
32769 7261
27877.4 12152.6
21443.7 18586.3
28032.6 11997.4
27580.1 12449.9
24850 15180
24113.2 15916.8
30137.3 9892.69
28007.4 12022.6
23198.8 16831.2
30963.8 9066.24
30775.8 9254.23
25666 14364
24883.3 15146.7
35262.4 4767.63
23879.1 16150.9
24541.5 15488.5
29591.7 10438.3
22139.2 17890.8
31903.5 8126.52
29060.3 10969.7
33339.5 6690.49
23959.7 16070.3
24166.9 15863.1
36049 3980.99
25815.5 14214.5
19956.9 20073.1
28219.5 11810.5
27860 12170
31757.9 8272.05
20680.3 19349.7
26379.2 13650.8
29799.6 10230.4
25326.6 14703.4
26494.4 13535.6
22859.7 17170.3
28869.6 11160.4
17161.5 22868.5
27610.9 12419.1
27349.5 12680.5
32008.8 8021.23
23830 16200
34670.5 5359.49
27719.9 12310.1
35134.9 4895.14
21902.8 18127.2
23705.6 16324.4
27231.8 12798.2
19744 20286
30804.6 9225.41
34890.2 5139.84
34341.3 5688.74
32847.5 7182.51
28986.3 11043.7
21118.8 18911.2
28042.3 11987.7
31572.9 8457.06
26777.4 13252.6
32491.5 7538.47
33671.5 6358.55
24732.8 15297.2
21640.7 18389.3
19306.1 20723.9
33888.9 6141.07
24086.8 15943.2
28149 11881
20608.8 19421.2
30943.3 9086.74
20215.1 19814.9
29630.8 10399.2
26967.2 13062.8
27109.5 12920.5
21181.9 18848.1
27925.7 12104.3
21938.6 18091.4
28178.7 11851.3
29826.8 10203.2
26148.4 13881.6
27990.9 12039.1
29764.9 10265.1
28267.7 11762.3
33373.8 6656.22
28838.9 11191.1
24010.1 16019.9
31500.9 8529.14
31294.3 8735.68
33814.9 6215.08
28438.6 11591.4
20391.5 19638.5
29931 10099
24475.3 15554.7
34649.1 5380.91
25804.4 14225.6
17425.7 22604.3
23451.2 16578.8
24540.9 15489.1
31562.2 8467.81
34688.1 5341.88
18872.5 21157.5
21503.3 18526.7
27683.5 12346.5
31664.9 8365.06
23133.1 16896.9
35547.7 4482.27
24757.6 15272.4
29300.3 10729.7
36957.9 3072.06
31401.4 8628.62
32227.5 7802.54
24097.4 15932.6
25697.1 14332.9
27295.5 12734.5
35581.6 4448.36
22750.3 17279.7
24584.7 15445.3
31014.2 9015.85
25113 14917
24435 15595
31360.7 8669.29
27206.9 12823.1
31913 8116.96
23135 16895
28076.6 11953.4
18757 21273
22875.4 17154.6
19312.2 20717.8
30438.5 9591.55
26226.7 13803.3
34062.4 5967.59
30379.7 9650.29
28157.9 11872.1
26069.8 13960.2
29299.8 10730.2
34783.9 5246.05
27245 12785
26054.3 13975.7
32938.4 7091.57
24316.5 15713.5
30649.8 9380.21
26504.9 13525.1
32508.1 7521.93
20971.1 19058.9
20936.5 19093.5
29144.8 10885.2
34341.1 5688.94
26895.4 13134.6
31081.8 8948.23
26496.4 13533.6
26712.7 13317.3
28637.9 11392.1
23088 16942
30575.6 9454.44
32960.3 7069.68
19885.8 20144.2
32509.6 7520.43
23748.6 16281.4
19955.8 20074.2
27896.6 12133.4
29241.3 10788.7
23753.8 16276.2
26433.5 13596.5
28544.8 11485.2
27214.9 12815.1
26819.7 13210.3
23843.6 16186.4
32940.5 7089.5
28125.8 11904.2
32219.5 7810.46
31218 8812.02
24789.6 15240.4
22578.2 17451.8
27859.5 12170.5
31410.6 8619.43
31284.7 8745.27
19377.7 20652.3
29418.6 10611.4
20881.4 19148.6
24416.3 15613.7
27260.1 12769.9
27304.3 12725.7
32516.7 7513.33
33612.7 6417.31
28460.1 11569.9
30621.6 9408.42
28290.6 11739.4
27211.7 12818.3
28997.9 11032.1
19077.4 20952.6
26123.2 13906.8
29131.1 10898.9
26112.7 13917.3
22185.4 17844.6
30843.3 9186.68
29402 10628
25059 14971
32890 7140.01
34121.5 5908.5
25489.5 14540.5
25069.9 14960.1
18800.3 21229.7
20034.1 19995.9
33772.3 6257.69
28559 11471
16751.9 23278.1
26526.5 13503.5
27433.7 12596.3
24487.5 15542.5
26691.9 13338.1
35060.6 4969.38
21606 18424
19875.3 20154.7
29336.1 10693.9
30561.7 9468.32
27475.2 12554.8
25214.9 14815.1
30470 9560
23083.9 16946.1
19544 20486
25999.8 14030.2
27590.7 12439.3
21164.5 18865.5
26991.5 13038.5
29318 10712
27497.5 12532.5
24485.5 15544.5
25834.5 14195.5
29688.2 10341.8
20036 19994
26962.3 13067.7
31613.2 8416.76
35827.2 4202.8
29565.5 10464.5
21549.1 18480.9
26878.5 13151.5
29855.6 10174.4
28148 11882
29287.7 10742.3
20917.4 19112.6
22743.6 17286.4
24469.3 15560.7
36935.8 3094.2
21401.8 18628.2
22131.3 17898.7
31490.6 8539.42
24715 15315
24540.4 15489.6
32200.5 7829.46
30390.1 9639.9
26766 13264
25673.2 14356.8
29140.3 10889.7
31297.5 8732.48
25685.7 14344.3
22161.5 17868.5
28013 12017
19590 20440
21070.4 18959.6
22818.5 17211.5
29741.1 10288.9
17045.5 22984.5
24008.4 16021.6
17966.7 22063.3
25666.6 14363.4
31808.1 8221.87
23232.6 16797.4
23282 16748
34071 5959.02
30040.4 9989.6
23528.2 16501.8
26335.4 13694.6
25098 14932
24802.9 15227.1
24132.2 15897.8
23148.5 16881.5
25161.7 14868.3
27152.7 12877.3
26550.4 13479.6
22755.9 17274.1
22253 17777
33278.9 6751.09
27404.1 12625.9
32150.5 7879.46
27236.2 12793.8
26282.6 13747.4
32328.5 7701.45
32960.5 7069.54
26282.3 13747.7
23043.5 16986.5
28474.8 11555.2
22944.9 17085.1
23844 16186
27304.2 12725.8
22163.3 17866.7
27339.3 12690.7
22567.2 17462.8
30848.5 9181.54
30391.6 9638.45
31049.9 8980.13
23398.3 16631.7
31320.9 8709.07
19567.9 20462.1
34387.2 5642.81
29723.6 10306.4
17232.5 22797.5
23674.8 16355.2
30914.2 9115.81
35366.9 4663.13
33286.3 6743.69
23707.9 16322.1
20956.4 19073.6
22748.3 17281.7
23213.6 16816.4
20272.3 19757.7
28930.5 11099.5
30086.6 9943.43
31396.9 8633.06
23256.8 16773.2
32633.8 7396.22
25721.9 14308.1
23127 16903
26840.5 13189.5
26530.4 13499.6
26337.6 13692.4
27486.8 12543.2
27424.2 12605.8
13340.1 26689.9
25284.5 14745.5
25454.6 14575.4
28671.8 11358.2
26257.1 13772.9
19247.3 20782.7
25189.7 14840.3
18033.9 21996.1
24410.1 15619.9
24422.9 15607.1
24535.3 15494.7
19358.2 20671.8
32656.6 7373.36
21276 18754
26764.9 13265.1
24735.7 15294.3
30980.5 9049.54
32703.5 7326.49
37527.3 2502.73
21625.4 18404.6
29321.7 10708.3
19054.6 20975.4
10948.5 29081.5
23763.7 16266.3
32761.8 7268.21
26774 13256
26042.5 13987.5
25458.6 14571.4
15855.5 24174.5
24879.8 15150.2
29927.2 10102.8
28142 11888
27578.2 12451.8
27071.6 12958.4
26017.8 14012.2
33075.9 6954.11
29672.5 10357.5
27938.2 12091.8
31840.5 8189.55
23042.4 16987.6
27220.4 12809.6
33327.3 6702.73
25927.7 14102.3
16652.6 23377.4
26580.1 13449.9
28008.9 12021.1
27163.7 12866.3
27795.4 12234.6
26914.5 13115.5
30514.5 9515.55
27443 12587
29556.3 10473.7
19040.5 20989.5
29344.3 10685.7
36030.2 3999.82
30305 9725
24836.2 15193.8
27939.4 12090.6
20783.9 19246.1
25824.7 14205.3
17247.7 22782.3
24899.6 15130.4
31079.4 8950.57
24768.8 15261.2
33294 6736.04
23002.3 17027.7
29177.1 10852.9
29088.9 10941.1
28331.5 11698.5
26709 13321
27773.2 12256.8
26215.7 13814.3
32735.6 7294.41
32945.6 7084.37
30707.9 9322.08
25526 14504
25233.7 14796.3
23126.3 16903.7
27170.4 12859.6
27648.1 12381.9
25797.6 14232.4
25247.9 14782.1
26142.7 13887.3
30098.3 9931.71
26082.8 13947.2
32211.1 7818.86
32845.6 7184.44
33160.6 6869.41
27420.7 12609.3
16326.2 23703.8
23682.1 16347.9
26840.5 13189.5
31596 8434.04
26961 13069
29351 10679
37677.6 2352.41
20948.9 19081.1
21081.5 18948.5
23790.2 16239.8
17460.1 22569.9
19255.8 20774.2
28486.8 11543.2
35050.5 4979.55
19004.8 21025.2
30470.7 9559.32
23151.6 16878.4
34507.4 5522.59
29025.7 11004.3
32845.3 7184.67
37084.3 2945.66
26775.7 13254.3
19314.2 20715.8
26571 13459
25546.4 14483.6
20094.5 19935.5
33592 6437.95
21476.4 18553.6
28911.4 11118.6
26582.1 13447.9
31190.2 8839.8
26513 13517
24004.4 16025.6
25540.9 14489.1
16837.9 23192.1
15586.5 24443.5
24047.5 15982.5
27838.8 12191.2
31068.4 8961.62
27218.5 12811.5
26102.7 13927.3
23772.7 16257.3
25086 14944
32969.4 7060.6
26116.5 13913.5
14467.6 25562.4
29522.7 10507.3
16786.2 23243.8
32868.9 7161.07
23020.2 17009.8
32696.7 7333.33
22288.5 17741.5
30514.6 9515.35
30507.8 9522.2
26265.2 13764.8
27896.9 12133.1
24453.1 15576.9
30029.7 10000.3
28191 11839
30935.1 9094.9
27102.6 12927.4
22791 17239
25365.4 14664.6
29262 10768
18213.8 21816.2
34429.4 5600.59
30176.5 9853.49
31727.9 8302.05
13945.5 26084.5
34057.4 5972.63
34037.6 5992.36
25157.5 14872.5
25949.1 14080.9
32103.4 7926.63
28100 11930
27320.2 12709.8
32090.5 7939.53
34605.7 5424.3
23663.9 16366.1
28106 11924
21377.3 18652.7
24359 15671
25966.3 14063.7
27090.4 12939.6
23696.8 16333.2
17926.2 22103.8
20566.8 19463.2
25915.5 14114.5
30234.5 9795.48
27129.6 12900.4
27565.1 12464.9
17121.8 22908.2
29336.1 10693.9
21336.5 18693.5
23744 16286
19994.7 20035.3
24375.7 15654.3
27319.4 12710.6
26906.9 13123.1
27448.9 12581.1
23603.6 16426.4
23844.7 16185.3
27620.6 12409.4
20864.2 19165.8
19130.1 20899.9
30572.8 9457.24
26301.4 13728.6
30107.7 9922.3
31843.5 8186.46
18039.7 21990.3
28319.6 11710.4
25633.3 14396.7
32741.3 7288.72
19756.9 20273.1
29488.8 10541.2
21172.2 18857.8
18837.7 21192.3
31738.3 8291.72
24946.9 15083.1
33430.3 6599.72
32540.9 7489.06
37342.2 2687.75
28392.9 11637.1
29759.5 10270.5
25016.7 15013.3
29257.2 10772.8
26416.4 13613.6
20937.5 19092.5
28834.7 11195.3
28285 11745
29360.9 10669.1
22937.4 17092.6
29380.7 10649.3
27530.4 12499.6
27756.4 12273.6
27147.1 12882.9
30805.8 9224.22
24719.5 15310.5
26631.1 13398.9
29886.1 10143.9
21211.9 18818.1
35874.9 4155.12
30469.2 9560.8
34994.2 5035.8
28936.2 11093.8
21960.4 18069.6
27700.7 12329.3
30236.9 9793.13
21546.9 18483.1
26126.3 13903.7
24199.7 15830.3
24369 15661
12915.9 27114.1
32716.5 7313.51
25918.9 14111.1
15927.5 24102.5
32298.3 7731.66
31659.6 8370.43
30511.4 9518.64
22919.3 17110.7
28582.3 11447.7
28618.6 11411.4
29502.7 10527.3
33930.5 6099.52
21330.2 18699.8
38010.4 2019.58
29043 10987
27429.4 12600.6
28389 11641
24103.3 15926.7
23511.6 16518.4
20738.2 19291.8
23182.5 16847.5
30169 9861.02
30020.1 10009.9
18445 21585
31594 8436.04
20101.4 19928.6
33939.9 6090.1
22649.6 17380.4
30201.1 9828.86
28322 11708
22425.6 17604.4
23411.7 16618.3
19185.5 20844.5
29277 10753
21721.5 18308.5
30220.8 9809.15
24864.3 15165.7
31857.1 8172.89
22211.2 17818.8
28187.4 11842.6
12728.8 27301.2
25952.6 14077.4
19326.5 20703.5
25393 14637
27676.6 12353.4
26392.4 13637.6
22363.9 17666.1
34322.5 5707.46
21564.9 18465.1
24269.9 15760.1
27456.4 12573.6
16250.6 23779.4
26613.1 13416.9
27667.9 12362.1
35088.5 4941.54
25451.2 14578.8
24780 15250
29504.7 10525.3
22700.7 17329.3
33268.8 6761.18
26877.6 13152.4
24721.9 15308.1
24854.8 15175.2
14284.3 25745.7
20400.8 19629.2
30518 9511.99
28157.3 11872.7
26595.6 13434.4
13592.8 26437.2
25828.9 14201.1
25383 14647
28693.6 11336.4
28622 11408
21880.6 18149.4
19994.9 20035.1
23650.9 16379.1
36684.3 3345.74
31985.6 8044.39
30458.8 9571.25
27840.7 12189.3
31447.1 8582.93
32935.1 7094.85
22805.5 17224.5
19083 20947
23408.3 16621.7
28870.5 11159.5
28464.9 11565.1
25666.6 14363.4
25608.5 14421.5
21987.6 18042.4
25868.2 14161.8
30684.2 9345.76
27205.1 12824.9
29360 10670
24743.9 15286.1
30032.6 9997.37
31353.6 8676.42
28142.3 11887.7
29817.4 10212.6
20172.9 19857.1
31816.5 8213.5
29055 10975
25687.3 14342.7
27576.2 12453.8
27486.6 12543.4
17512.5 22517.5
29714.9 10315.1
25278.8 14751.2
29019.4 11010.6
33150.2 6879.81
26413.7 13616.3
24405.8 15624.2
14269.9 25760.1
31718.9 8311.05
28070.7 11959.3
30766.7 9263.31
20306.9 19723.1
24372.9 15657.1
20421.7 19608.3
31405.6 8624.4
30745.6 9284.37
26928.6 13101.4
29140.2 10889.8
19006 21024
32094.6 7935.45
25317.4 14712.6
27245.9 12784.1
23333.4 16696.6
33020.5 7009.54
23764.3 16265.7
27134.9 12895.1
30576.9 9453.12
26822.8 13207.2
22403.7 17626.3
30886.5 9143.48
23945.7 16084.3
29318.2 10711.8
24400.4 15629.6
31838.8 8191.22
20705.5 19324.5
27982 12048
26652.8 13377.2
25819.2 14210.8
28186.1 11843.9
13911.1 26118.9
27346.4 12683.6
28911.4 11118.6
22311.4 17718.6
25445.9 14584.1
29443.5 10586.5
22878.2 17151.8
31834.6 8195.39
26656 13374
26751.5 13278.5
26856.8 13173.2
27079.4 12950.6
23263.9 16766.1
24154.5 15875.5
22634 17396
16317.9 23712.1
37155.9 2874.06
36661.3 3368.69
23020.8 17009.2
27089.9 12940.1
26325.2 13704.8
23270.9 16759.1
30461.3 9568.72
27524.5 12505.5
29804.9 10225.1
27027.2 13002.8
28625.4 11404.6
30574 9456.04
30866.1 9163.9
20106 19924
25256.9 14773.1
21161.5 18868.5
22442.7 17587.3
32283.9 7746.07
31186.3 8843.7
28545.4 11484.6
30435.5 9594.45
34038 5992.03
31537.7 8492.33
11939.5 28090.5
28573.9 11456.1
22453.9 17576.1
18398.3 21631.7
24684.9 15345.1
33641.2 6388.82
20243.8 19786.2
28086.1 11943.9
22385.5 17644.5
23325.8 16704.2
32733.2 7296.8
19187.9 20842.1
16771.4 23258.6
19375.5 20654.5
26011.2 14018.8
27055.5 12974.5
23649.2 16380.8
19082.5 20947.5
21278.5 18751.5
21716.7 18313.3
18663.2 21366.8
23456.2 16573.8
14638 25392
26110.8 13919.2
31303 8726.98
25229.5 14800.5
30726.7 9303.32
28637.4 11392.6
33837 6193.01
26747.7 13282.3
20899.3 19130.7
23336.9 16693.1
32764.7 7265.27
36638.5 3391.52
24361.5 15668.5
20673.6 19356.4
33576.3 6453.69
29608.7 10421.3
28873.3 11156.7
31266.4 8763.61
32927.1 7102.95
30709.7 9320.33
27340.4 12689.6
28903 11127
32301 7729.04
28013.1 12016.9
24303.1 15726.9
23756.2 16273.8
29122.1 10907.9
35350.5 4679.45
21213 18817
20700.4 19329.6
24002.1 16027.9
33069 6960.96
28778.5 11251.5
22110.5 17919.5
22578.8 17451.2
21496.8 18533.2
27962.6 12067.4
27390.8 12639.2
28815.7 11214.3
27703.1 12326.9
28297.9 11732.1
24935.4 15094.6
32168.7 7861.33
33348.6 6681.43
35122.2 4907.82
29768.9 10261.1
25662 14368
27618.2 12411.8
30476.8 9553.18
26676.1 13353.9
32355.2 7674.8
24696.9 15333.1
21572.1 18457.9
27467.6 12562.4
16086.7 23943.3
24880.2 15149.8
24610.6 15419.4
20742.3 19287.7
22485.8 17544.2
26841.6 13188.4
26332.3 13697.7
21805.8 18224.2
27247.4 12782.6
19320 20710
28273 11757
24456.7 15573.3
21513.7 18516.3
26791.9 13238.1
33395.9 6634.06
23528.4 16501.6
30504 9525.98
20920.4 19109.6
26708 13322
21048.2 18981.8
26826.8 13203.2
27454.1 12575.9
30840.5 9189.55
28981.5 11048.5
31164.4 8865.63
15915.5 24114.5
27009.4 13020.6
26233.4 13796.6
28806.7 11223.3
36127.1 3902.91
33807.1 6222.88
17992.6 22037.4
26091.3 13938.7
19995.1 20034.9
25049.2 14980.8
25472.5 14557.5
31881 8148.98
24760.6 15269.4
20580.6 19449.4
34392.4 5637.58
25025.3 15004.7
24777.3 15252.7
29053.3 10976.7
29775.1 10254.9
33737.8 6292.16
27504.9 12525.1
24745.6 15284.4
29440.3 10589.7
25950.5 14079.5
31796.3 8233.65
17171.5 22858.5
32151 7878.99
29316.9 10713.1
26457.2 13572.8
29277.7 10752.3
26538.3 13491.7
27514.1 12515.9
23015.1 17014.9
21844.6 18185.4
32023.1 8006.87
30276.5 9753.52
24770.9 15259.1
18353.6 21676.4
26732.4 13297.6
21892.7 18137.3
27176.6 12853.4
28614.8 11415.2
24037.2 15992.8
33992.9 6037.07
29923 10107
23610.9 16419.1
20849.5 19180.5
24396 15634
26316.7 13713.3
29053.2 10976.8
27394 12636
21296.3 18733.7
23227.5 16802.5
25931 14099
22483 17547
31591.1 8438.92
27899.7 12130.3
28186.7 11843.3
38350 1679.98
27949.1 12080.9
29050.6 10979.4
21416.1 18613.9
26977.2 13052.8
30411.7 9618.33
24843.9 15186.1
29017.4 11012.6
30665.5 9364.48
25549.8 14480.2
28935.9 11094.1
19903.5 20126.5
27664.8 12365.2
31465.3 8564.73
17528.5 22501.5
25504 14526
28381.9 11648.1
25993.6 14036.4
33578.9 6451.13
28138.9 11891.1
29422.1 10607.9
31696.7 8333.26
29707.3 10322.7
22750.3 17279.7
26057.8 13972.2
18340.4 21689.6
25902.2 14127.8
36428 3601.97
23319.2 16710.8
27530.5 12499.5
29730.7 10299.3
27000.5 13029.5
34365.9 5664.07
21630.8 18399.2
25800.1 14229.9
32353.7 7676.26
20690.6 19339.4
23240 16790
31794.4 8235.57
27124.1 12905.9
28364.4 11665.6
24940.4 15089.6
31900.4 8129.55
28734 11296
18249 21781
22468.1 17561.9
22961.4 17068.6
23100.9 16929.1
27061.7 12968.3
31629.2 8400.82
23231.7 16798.3
27542.7 12487.3
25174.6 14855.4
27508.5 12521.5
25562.7 14467.3
31173.5 8856.55
26970.2 13059.8
22315.2 17714.8
35980.3 4049.7
19880.7 20149.3
30183.4 9846.61
17046.5 22983.5
25801.4 14228.6
23553 16477
28076 11954
34361 5668.98
30806.1 9223.89
18385.8 21644.2
31816.1 8213.94
36366.8 3663.24
30606.1 9423.91
25156.3 14873.7
22769.3 17260.7
23420.6 16609.4
27163.5 12866.5
21602 18428
34583.7 5446.29
34058.2 5971.81
23067.6 16962.4
29031.8 10998.2
24160.7 15869.3
24148.6 15881.4
23612.4 16417.6
25029.8 15000.2
31313 8716.98
26144.6 13885.4
25828.9 14201.1
24241.2 15788.8
16639.7 23390.3
22938.3 17091.7
26115.9 13914.1
33081.5 6948.47
20746.3 19283.7
21013.3 19016.7
26878.6 13151.4
18560.6 21469.4
32800.4 7229.6
28828.3 11201.7
27308.9 12721.1
25193.7 14836.3
31470.6 8559.45
30358.8 9671.2
32013.7 8016.27
32391.7 7638.28
24486.3 15543.7
30144.2 9885.84
26343 13687
26276.1 13753.9
23489.2 16540.8
27854.2 12175.8
31691.8 8338.2
29891.8 10138.2
25017.4 15012.6
32503.9 7526.15
28327.5 11702.5
20292.5 19737.5
34138.8 5891.23
27434.8 12595.2
22485.4 17544.6
22764.2 17265.8
25766.8 14263.2
26027.7 14002.3
27941.5 12088.5
32376.1 7653.87
29084.8 10945.2
28669.6 11360.4
25080.7 14949.3
32966.1 7063.92
21044.9 18985.1
25947.2 14082.8
31200.8 8829.2
16596.9 23433.1
27312 12718
29331.1 10698.9
22270.9 17759.1
27125 12905
30881.6 9148.42
18749.2 21280.8
34351.9 5678.06
26429.3 13600.7
27658.9 12371.1
23461.6 16568.4
26127.3 13902.7
28593.7 11436.3
16771.3 23258.7
25998.9 14031.1
25095.3 14934.7
26898.9 13131.1
27359.7 12670.3
28420.5 11609.5
22992.3 17037.7
29088.3 10941.7
31513.8 8516.19
26286.9 13743.1
23076 16954
25582.9 14447.1
27147.8 12882.2
35212.6 4817.43
21840.2 18189.8
26297 13733
17310.3 22719.7
20898.7 19131.3
17810 22220
36247.1 3782.9
24111.9 15918.1
31919.2 8110.8
19883.2 20146.8
21673.1 18356.9
30409.7 9620.29
32137.6 7892.45
21051.9 18978.1
28135.8 11894.2
32313.8 7716.17
22733.2 17296.8
30340.4 9689.64
28895.3 11134.7
25195.7 14834.3
30357 9673
33374.9 6655.13
23165.7 16864.3
32245.8 7784.17
15604.1 24425.9
27722.6 12307.4
24793.2 15236.8
31743.5 8286.54
27877.2 12152.8
30561.7 9468.33
19767.9 20262.1
29458.2 10571.8
22117.8 17912.2
22195.2 17834.8
27856.4 12173.6
29913.4 10116.6
31185.7 8844.27
26633.4 13396.6
29750.3 10279.7
30012.8 10017.2
24215 15815
26992.5 13037.5
33348 6682.03
20946.7 19083.3
28647.2 11382.8
24929.6 15100.4
28051.2 11978.8
26154.1 13875.9
31134.5 8895.46
17517.2 22512.8
33905.7 6124.31
33571.6 6458.37
22176.3 17853.7
33293.3 6736.7
25559.2 14470.8
20007 20023
22374.8 17655.2
31446.8 8583.23
27145.2 12884.8
28726.3 11303.7
26027 14003
35109.3 4920.7
27000.3 13029.7
23642 16388
22227.6 17802.4
29680.3 10349.7
22169 17861
24405.3 15624.7
35068.9 4961.06
23944.5 16085.5
19858.8 20171.2
33123 6906.95
19213.7 20816.3
20125.1 19904.9
32237.8 7792.18
30610.8 9419.22
26010.1 14019.9
25725 14305
20678.7 19351.3
25371.5 14658.5
28593.6 11436.4
26685.7 13344.3
23402.3 16627.7
34011.7 6018.35
24013.8 16016.2
29324.2 10705.8
24924.2 15105.8
17649.3 22380.7
25628.6 14401.4
29550.1 10479.9
29875.1 10154.9
25122.2 14907.8
31146.1 8883.91
13079.2 26950.8
30806.1 9223.85
22460 17570
25745.1 14284.9
21817.2 18212.8
21441.6 18588.4
28855.3 11174.7
27595.1 12434.9
17346.9 22683.1
28674.3 11355.7
29878.3 10151.7
26970.1 13059.9
29992 10038
30275.8 9754.17
29185.6 10844.4
23488.5 16541.5
23773.7 16256.3
29911.1 10118.9
31742.5 8287.46
31557.1 8472.91
27986.6 12043.4
23690.6 16339.4
26610.3 13419.7
30728.4 9301.62
17987.9 22042.1
29159.4 10870.6
22664.3 17365.7
22859.8 17170.2
26970.5 13059.5
24004.7 16025.3
20973.9 19056.1
31917.9 8112.08
23352.6 16677.4
25191.7 14838.3
24722.2 15307.8
26015.8 14014.2
29216.4 10813.6
21549.6 18480.4
25147.8 14882.2
28965.8 11064.2
31721.9 8308.07
18909.6 21120.4
28977.9 11052.1
26742.8 13287.2
30174.2 9855.8
25186.5 14843.5
28641.4 11388.6
25566.5 14463.5
29395.1 10634.9
30282.4 9747.58
15330.7 24699.3
35258 4771.99
21491.4 18538.6
24416.1 15613.9
20551.2 19478.8
27746.9 12283.1
35301.4 4728.56
37466.2 2563.77
23383.9 16646.1
24950.6 15079.4
23625.4 16404.6
23678.7 16351.3
23441.7 16588.3
28391.8 11638.2
13470.6 26559.4
28933.8 11096.2
29508.1 10521.9
37046.4 2983.58
32540.1 7489.88
23119.1 16910.9
26092.9 13937.1
12801.3 27228.7
26736.4 13293.6
21130.9 18899.1
27045.2 12984.8
24745.3 15284.7
28749.5 11280.5
30177.7 9852.25
20335.6 19694.4
22980.7 17049.3
24754 15276
29753.6 10276.4
18101.7 21928.3
31157.7 8872.32
31510.9 8519.11
32001 8029.04
26981.4 13048.6
28503 11527
27544.9 12485.1
30916.2 9113.8
31409 8620.99
17274.8 22755.2
22377.4 17652.6
24136.7 15893.3
31087.7 8942.28
32083.7 7946.28
21631.4 18398.6
20076.4 19953.6
35072.6 4957.42
25556 14474
17384 22646
18131.2 21898.8
26349.4 13680.6
29005.2 11024.8
22932.4 17097.6
29189.3 10840.7
27997.7 12032.3
27021.5 13008.5
25721.7 14308.3
25915.8 14114.2
30445.8 9584.2
17021.7 23008.3
17845.2 22184.8
25294.5 14735.5
31569 8461.02
23995.6 16034.4
28585.6 11444.4
36823.2 3206.78
29376.5 10653.5
26406.6 13623.4
22409 17621
26447.8 13582.2
21403.4 18626.6
33447.3 6582.69
21931.8 18098.2
30771.7 9258.27
19893.5 20136.5
31972.5 8057.51
24503.9 15526.1
24494.5 15535.5
29562.1 10467.9
23725.8 16304.2
33886.1 6143.88
35543.5 4486.49
21638.5 18391.5
25912.4 14117.6
17866.7 22163.3
26506.5 13523.5
25863.3 14166.7
26766.7 13263.3
23927.1 16102.9
26806.7 13223.3
18860.3 21169.7
23777.8 16252.2
28571.7 11458.3
31514.6 8515.44
32465.9 7564.05
22233.3 17796.7
20396.3 19633.7
25360 14670
26891 13139
19892 20138
19512.1 20517.9
28425.6 11604.4
28861.1 11168.9
19435 20595
22607.6 17422.4
24998 15032
31486.6 8543.43
36351.2 3678.75
20151.9 19878.1
33688.6 6341.37
22797.6 17232.4
27956.6 12073.4
32781.1 7248.92
27683.6 12346.4
32282.2 7747.77
29643.2 10386.8
24274.2 15755.8
26076.4 13953.6
23753.7 16276.3
25564.7 14465.3
23160.5 16869.5
27315.7 12714.3
24671.9 15358.1
26154.5 13875.5
27995.6 12034.4
27398 12632
26414.9 13615.1
20809.4 19220.6
30986.2 9043.85
23095.9 16934.1
17855 22175
23648.4 16381.6
25611.5 14418.5
32258.3 7771.7
35947.6 4082.43
28364.5 11665.5
30106 9923.97
27714.6 12315.4
31205.5 8824.46
17262.6 22767.4
29075.4 10954.6
29534.1 10495.9
26291.1 13738.9
18961.7 21068.3
34009.9 6020.09
30245.6 9784.42
30627.7 9402.25
30358.6 9671.39
29118.3 10911.7
24782.3 15247.7
29012.3 11017.7
36114.4 3915.56
20969 19061
28046.2 11983.8
27756.8 12273.2
29406.2 10623.8
26209.5 13820.5
24581.1 15448.9
27976.6 12053.4
18350.3 21679.7
21047.8 18982.2
26383.6 13646.4
28365.3 11664.7
26617.9 13412.1
24040.6 15989.4
28072.6 11957.4
22540.2 17489.8
19608.5 20421.5
29539.8 10490.2
21409.9 18620.1
33570.8 6459.15
16729.4 23300.6
30573.1 9456.85
27202.9 12827.1
22494.1 17535.9
26342 13688
30635 9394.99
23723.7 16306.3
33466.3 6563.74
24491.9 15538.1
26145.9 13884.1
17337.1 22692.9
31633.4 8396.59
25545.9 14484.1
27313.2 12716.8
29251.4 10778.6
28245 11785
15877.1 24152.9
28114.3 11915.7
23901.3 16128.7
27876.7 12153.3
31845.1 8184.88
25888.1 14141.9
25138.3 14891.7
20014.1 20015.9
34216.7 5813.27
20282.7 19747.3
15956.8 24073.2
31231.9 8798.07
27339.8 12690.2
26771.1 13258.9
33201.8 6828.21
29947.6 10082.4
26552.8 13477.2
27899.4 12130.6
20006.4 20023.6
28861.8 11168.2
27184.1 12845.9
23080.5 16949.5
34161.1 5868.91
37631.3 2398.67
29429.7 10600.3
24728.8 15301.2
13431.6 26598.4
33665.9 6364.14
20398.3 19631.7
27556.4 12473.6
21202.9 18827.1
23247.9 16782.1
28960.2 11069.8
32064.4 7965.59
24118.6 15911.4
27166.9 12863.1
30982.9 9047.14
26526.5 13503.5
28211.8 11818.2
23177.9 16852.1
23563.2 16466.8
16453.4 23576.6
19992 20038
23697.4 16332.6
33837.1 6192.88
27363.1 12666.9
23842.5 16187.5
28942.9 11087.1
21132.1 18897.9
25964.9 14065.1
24515.1 15514.9
27883.6 12146.4
27562.8 12467.2
26335.2 13694.8
22118.2 17911.8
18198.1 21831.9
30959.7 9070.33
29729.7 10300.3
26679.6 13350.4
12764.9 27265.1
23821.4 16208.6
25084.2 14945.8
23953.3 16076.7
33249.8 6780.16
34856 5173.96
31464.9 8565.1
26731.4 13298.6
26035.7 13994.3
32123.7 7906.31
25542.6 14487.4
23036.6 16993.4
29855.9 10174.1
28451.6 11578.4
29746.6 10283.4
25099.6 14930.4
29015.1 11014.9
27359.7 12670.3
27231.7 12798.3
22128 17902
25748 14282
22113.3 17916.7
21804.3 18225.7
25940.2 14089.8
34345.3 5684.71
20661.4 19368.6
32395.1 7634.86
25538 14492
15181.5 24848.5
21928.7 18101.3
28578.4 11451.6
28351.3 11678.7
25759.9 14270.1
33847.7 6182.34
26335.7 13694.3
30174.4 9855.65
34255.1 5774.9
25296.4 14733.6
30270.1 9759.93
21870.3 18159.7
32686.7 7343.31
18547.7 21482.3
25342.2 14687.8
35948.9 4081.14
29052.3 10977.7
19961.9 20068.1
32331.5 7698.5
27234.5 12795.5
21215.4 18814.6
26133.9 13896.1
28767.5 11262.5
30983.3 9046.74
30028.3 10001.7
27714.8 12315.2
29763.2 10266.8
29748.1 10281.9
26029.2 14000.8
28352.5 11677.5
32414.4 7615.55
28397.2 11632.8
29744.6 10285.4
29771.4 10258.6
21534.4 18495.6
31578.2 8451.81
26942 13088
28701.2 11328.8
24241.1 15788.9
29529 10501
29275.5 10754.5
27799.1 12230.9
27255.6 12774.4
19161.5 20868.5
20071.7 19958.3
30815.6 9214.43
35470.8 4559.18
26715.2 13314.8
19087.1 20942.9
31494.4 8535.61
20067.3 19962.7
31590.3 8439.68
27971.6 12058.4
32713.4 7316.59
20495.1 19534.9
32580.6 7449.38
28219.5 11810.5
33007.2 7022.77
19441.8 20588.2
28966.5 11063.5
26649.4 13380.6
24869.1 15160.9
27122.3 12907.7
22757.8 17272.2
29135.4 10894.6
16875 23155
31895.9 8134.12
26310.2 13719.8
28410.3 11619.7
18869.4 21160.6
28193.2 11836.8
29818.5 10211.5
32133.2 7896.8
35503 4527.05
22733.8 17296.2
37806.4 2223.58
36274.1 3755.94
20795.5 19234.5
33782.9 6247.12
21109.5 18920.5
23919.8 16110.2
29367.9 10662.1
33038 6991.95
25211.1 14818.9
20343.6 19686.4
26946.1 13083.9
34724.3 5305.72
26001 14029
30842.7 9187.31
26338.5 13691.5
30676.1 9353.88
24689 15341
23058.5 16971.5
23771.1 16258.9
22396 17634
31079.6 8950.35
22463.5 17566.5
21715.4 18314.6
21825.2 18204.8
26325.5 13704.5
30457.9 9572.06
28639.2 11390.8
26300 13730
29141.2 10888.8
26531.1 13498.9
30165 9865.03
20429.7 19600.3
28346.2 11683.8
28089.7 11940.3
31812.2 8217.83
29800.9 10229.1
18639.9 21390.1
20486.8 19543.2
28603.1 11426.9
25860.2 14169.8
30122.8 9907.19
24169.7 15860.3
22772.2 17257.8
31093.7 8936.29
15764.1 24265.9
26910.1 13119.9
22962 17068
32877.6 7152.44
32436.6 7593.36
34491.6 5538.38
32407.4 7622.6
24771.2 15258.8
31507.3 8522.69
33014 7015.96
23040.9 16989.1
30308 9721.99
25354.8 14675.2
30717.7 9312.33
17300 22730
30717.3 9312.71
26052.2 13977.8
30287.7 9742.28
28016.2 12013.8
30224.1 9805.92
27155.2 12874.8
26484 13546
23324.6 16705.4
25106.1 14923.9
29000 11030
35038.2 4991.75
19409.7 20620.3
13837.9 26192.1
23495.3 16534.7
27078.3 12951.7
17075.7 22954.3
26802.9 13227.1
35756.3 4273.74
18029.4 22000.6
27147 12883
35084.6 4945.43
32312.8 7717.18
27478.6 12551.4
34821.4 5208.6
20238.7 19791.3
23781.5 16248.5
27321 12709
25604.4 14425.6
20897 19133
30024.5 10005.5
21536.5 18493.5
26039 13991
26335.2 13694.8
29020.9 11009.1
19351.2 20678.8
22296.5 17733.5
30738.4 9291.6
28871.9 11158.1
31375.5 8654.47
22047.9 17982.1
18227.8 21802.2
32493.1 7536.93
22588.4 17441.6
23735.6 16294.4
28008.2 12021.8
31121.5 8908.48
22496.5 17533.5
17461.7 22568.3
21414.4 18615.6
27045.1 12984.9
25622.9 14407.1
28608.5 11421.5
25911.8 14118.2
32102.6 7927.4
27735 12295
21442.2 18587.8
29060.8 10969.2
22986.9 17043.1
28748.7 11281.3
30616.8 9413.18
22998.7 17031.3
21693.5 18336.5
21954.9 18075.1
30297.4 9732.56
21107.8 18922.2
34390.3 5639.75
23056.4 16973.6
10478.8 29551.2
24145.3 15884.7
25953.6 14076.4
23229.9 16800.1
30075.5 9954.47
27413.9 12616.1
28157.6 11872.4
26465.2 13564.8
31546.2 8483.83
28666.1 11363.9
17506.5 22523.5
28920.6 11109.4
26670.1 13359.9
33800.7 6229.34
31775.5 8254.52
18735.2 21294.8
28558.8 11471.2
25094.9 14935.1
19595.6 20434.4
28010.4 12019.6
14751 25279
25728.8 14301.2
30922.7 9107.28
19282.9 20747.1
24287 15743
27122.9 12907.1
28741.9 11288.1
27762 12268
33658.3 6371.71
16467.5 23562.5
27354.6 12675.4
23939.2 16090.8
30435.1 9594.91
24670.8 15359.2
26129.4 13900.6
31308.6 8721.41
29299.7 10730.3
19075.6 20954.4
19074.6 20955.4
26907 13123
27455.6 12574.4
29122.2 10907.8
24891 15139
33560 6470.04
33449.9 6580.1
23158.9 16871.1
24829.3 15200.7
20942.3 19087.7
21451.3 18578.7
30912.5 9117.53
23354.5 16675.5
31941.4 8088.6
28067.3 11962.7
31815.4 8214.56
29145.6 10884.4
33451.4 6578.64
28299.1 11730.9
30685.9 9344.12
21180.9 18849.1
22755.9 17274.1
33431.1 6598.88
30254.2 9775.77
20726.1 19303.9
33057.3 6972.65
27492.1 12537.9
27504.7 12525.3
35014.1 5015.86
28316.5 11713.5
25149 14881
23784.5 16245.5
22644.9 17385.1
23667.6 16362.4
29860.6 10169.4
25057.2 14972.8
21939.3 18090.7
31330.8 8699.16
26794.2 13235.8
25722.5 14307.5
23446.2 16583.8
26802.1 13227.9
28128.8 11901.2
29494.3 10535.7
35466 4564
34376.5 5653.49
28256.6 11773.4
30924 9106
23698.3 16331.7
19791.5 20238.5
21905.2 18124.8
25907.4 14122.6
26562.1 13467.9
20261 19769
33488.5 6541.53
25215.8 14814.2
31255.8 8774.16
29776.4 10253.6
30513.1 9516.91
21758.8 18271.2
28976.2 11053.8
20057.1 19972.9
31206.2 8823.76
34667.9 5362.14
33480.9 6549.08
30780.6 9249.44
29557.9 10472.1
19528 20502
31536.9 8493.07
22101.2 17928.8
22453.2 17576.8
24895.6 15134.4
24389.5 15640.5
17505.1 22524.9
20289.1 19740.9
15960.3 24069.7
28893.8 11136.2
28993.7 11036.3
22935.4 17094.6
29122.9 10907.1
20656.9 19373.1
25668.5 14361.5
19635.6 20394.4
20285.9 19744.1
27499.6 12530.4
28444.4 11585.6
21843.3 18186.7
29722 10308
21494.6 18535.4
24699.6 15330.4
25321.6 14708.4
31058.7 8971.33
29774 10256
29575.7 10454.3
20844.3 19185.7
29170.7 10859.3
27355 12675
31137.2 8892.79
20728 19302
34743.7 5286.33
29777.5 10252.5
29782.8 10247.2
27051.4 12978.6
22145.9 17884.1
28982.3 11047.7
30817.5 9212.51
28744.3 11285.7
25831 14199
29224.4 10805.6
27700.9 12329.1
24129.5 15900.5
24133.5 15896.5
26908.5 13121.5
25967.2 14062.8
37196.8 2833.16
27964.7 12065.3
20848.7 19181.3
26329.9 13700.1
20357.2 19672.8
24580.2 15449.8
15770.2 24259.8
25105.9 14924.1
19376.9 20653.1
35068.9 4961.07
27048.2 12981.8
30598 9431.98
29931.8 10098.2
21024.4 19005.6
33385.3 6644.7
33693.9 6336.06
24558 15472
15033.3 24996.7
31069.6 8960.42
27131.2 12898.8
19434.3 20595.7
17431.8 22598.2
32445.7 7584.35
31420.3 8609.7
33120.5 6909.5
30342.9 9687.12
23281.1 16748.9
25854.7 14175.3
33295.1 6734.94
31285.7 8744.3
29582.2 10447.8
21028.8 19001.2
29252.3 10777.7
19450.6 20579.4
25007.5 15022.5
27383.1 12646.9
26911.2 13118.8
31325.8 8704.17
30561.7 9468.32
20926.7 19103.3
32668.4 7361.57
21304.6 18725.4
24115.1 15914.9
27535.4 12494.6
32018.7 8011.27
21144.6 18885.4
32512.9 7517.13
30348.9 9681.11
33213.6 6816.43
26375.3 13654.7
24184.3 15845.7
22210.2 17819.8
24897.9 15132.1
17930.1 22099.9
15819.8 24210.2
23534 16496
25349.4 14680.6
22416.2 17613.8
29769.1 10260.9
31321.1 8708.94
27676 12354
23141.3 16888.7
27778.9 12251.1
26374.2 13655.8
28589.1 11440.9
28561.3 11468.7
27559.6 12470.4
18431.3 21598.7
26273.2 13756.8
28573.1 11456.9
30098.3 9931.72
30228.6 9801.43
24886.1 15143.9
27324.4 12705.6
30000.7 10029.3
34539.2 5490.76
28491.4 11538.6
19792.8 20237.2
30672.6 9357.36
34693.3 5336.69
29076.3 10953.7
32334.1 7695.92
31103.9 8926.06
21060.7 18969.3
27826.9 12203.1
24888 15142
24695.5 15334.5
27686 12344
20349.1 19680.9
17779.7 22250.3
21288.3 18741.7
29834.5 10195.5
31977.7 8052.26
29976 10054
33107 6922.98
32931.8 7098.16
16695 23335
27803.3 12226.7
34234.2 5795.79
25086.4 14943.6
22405.7 17624.3
28271.8 11758.2
27268.4 12761.6
33570.6 6459.38
29086.7 10943.3
38024.3 2005.7
29428.7 10601.3
29953.1 10076.9
26933.3 13096.7
30493.3 9536.73
25685.6 14344.4
12202.8 27827.2
24048.5 15981.5
18417.6 21612.4
29102.6 10927.4
21395.4 18634.6
35780.8 4249.23
30624.8 9405.18
23467 16563
33337.9 6692.08
32556 7474.02
36075.9 3954.11
30989.8 9040.19
14776.1 25253.9
33457.9 6572.13
30877.8 9152.17
27848.8 12181.2
36074.1 3955.94
22595.7 17434.3
23670.8 16359.2
36310.7 3719.26
30412.3 9617.68
26583.8 13446.2
24653.6 15376.4
27377.7 12652.3
26508.6 13521.4
31335.9 8694.08
27085.3 12944.7
31201.1 8828.87
21950.3 18079.7
18143.3 21886.7
33049.8 6980.21
18112.3 21917.7
24305.8 15724.2
27281.9 12748.1
26351.8 13678.2
23653.2 16376.8
23449.6 16580.4
26068.8 13961.2
29328.9 10701.1
30929 9100.98
25284.4 14745.6
25401.6 14628.4
30962 9068.02
31323.4 8706.64
24992.8 15037.2
26207.5 13822.5
27096.7 12933.3
31599 8430.96
26965.3 13064.7
36102.7 3927.28
31226.9 8803.08
30334.2 9695.85
34694.1 5335.92
32809.4 7220.58
26487.1 13542.9
29619.3 10410.7
23237.3 16792.7
27328.2 12701.8
32640.6 7389.37
17667.5 22362.5
17455.7 22574.3
25940.2 14089.8
25805.9 14224.1
25948.5 14081.5
34800.5 5229.53
24778.4 15251.6
19754 20276
23520.4 16509.6
29391.7 10638.3
19195.7 20834.3
31942.7 8087.32
26905.3 13124.7
27138.3 12891.7
34989.3 5040.69
23057.4 16972.6
27032.5 12997.5
28604.5 11425.5
26294.1 13735.9
21928.9 18101.1
30299.5 9730.54
31326.2 8703.82
30106.8 9923.16
19922 20108
29258.2 10771.8
32116.4 7913.57
22876.4 17153.6
27482.9 12547.1
31132.6 8897.42
30240.4 9789.61
27792 12238
31209.9 8820.05
31607.2 8422.77
31130.4 8899.6
29555.7 10474.3
20636.7 19393.3
27440.3 12589.7
25405.8 14624.2
22691.9 17338.1
26280.7 13749.3
13799.8 26230.2
28348.2 11681.8
26462 13568
34719.3 5310.68
15293 24737
27288.2 12741.8
15038.1 24991.9
28658.9 11371.1
25849.8 14180.2
23238.9 16791.1
24377.1 15652.9
33647.7 6382.32
36465.2 3564.8
18190.5 21839.5
24265.8 15764.2
22267 17763
33651.4 6378.59
24312.9 15717.1
24147.4 15882.6
27644.4 12385.6
19723.6 20306.4
29223 10807
28396.9 11633.1
25324 14706
32649.2 7380.84
36069.8 3960.2
29935.7 10094.3
24139.2 15890.8
24296.8 15733.2
28996.2 11033.8
33099.9 6930.13
25631.3 14398.7
36003.6 4026.42
31102.2 8927.83
28843.2 11186.8
18725.4 21304.6
29840.4 10189.6
26158.1 13871.9
26149.5 13880.5
23595.3 16434.7
27618.6 12411.4
28512.5 11517.5
29671.9 10358.1
25341.4 14688.6
26460.2 13569.8
24874.8 15155.2
30534 9496.05
23815.1 16214.9
25325.1 14704.9
26756.8 13273.2
24329.5 15700.5
33612.1 6417.88
28412 11618
25061.7 14968.3
18445.4 21584.6
23087.4 16942.6
19346.6 20683.4
29886.3 10143.7
21686.6 18343.4
30556.4 9473.65
30304.9 9725.06
28065 11965
26555.5 13474.5
22054.8 17975.2
31619.2 8410.83
24293.2 15736.8
35593.3 4436.69
32522.9 7507.06
32525.4 7504.57
22063.5 17966.5
15545 24485
33254.3 6775.68
25130.8 14899.2
20043.9 19986.1
24456.9 15573.1
24334.3 15695.7
19177.4 20852.6
26984.1 13045.9
29798.2 10231.8
17956.3 22073.7
31673.3 8356.74
17411.5 22618.5
28157.3 11872.7
29317.7 10712.3
21160.2 18869.8
28341.6 11688.4
24586.4 15443.6
33976 6054.04
27217.4 12812.6
21484 18546
25248.5 14781.5
31459.7 8570.33
20532.4 19497.6
29046.5 10983.5
26386.1 13643.9
27093.7 12936.3
25429.3 14600.7
21104.2 18925.8
29692.2 10337.8
30018.5 10011.5
20419.7 19610.3
26298.1 13731.9
29150.1 10879.9
27178.4 12851.6
23373.1 16656.9
33989.5 6040.48
25796 14234
29891.1 10138.9
30782.1 9247.88
24496.1 15533.9
24078.3 15951.7
21418.4 18611.6
23496.6 16533.4
21866.2 18163.8
32488.8 7541.16
30080.2 9949.81
28672.6 11357.4
27652.1 12377.9
30642 9388.03
24347.7 15682.3
24661.1 15368.9
18950.7 21079.3
33112.2 6917.78
28157.6 11872.4
27089.8 12940.2
30340.3 9689.7
33620.8 6409.23
29134.8 10895.2
31139.8 8890.18
29024.4 11005.6
27971.6 12058.4
23078.5 16951.5
22942.6 17087.4
19433.7 20596.3
27757 12273
15760.6 24269.4
25730.3 14299.7
26790.4 13239.6
21357.9 18672.1
31180.2 8849.75
33189.2 6840.82
19930.7 20099.3
27274.4 12755.6
29055.3 10974.7
31146.7 8883.34
28346.2 11683.8
29753.5 10276.5
28287.4 11742.6
29321.2 10708.8
29847.8 10182.2
19460.1 20569.9
21251.9 18778.1
26767.4 13262.6
18138.6 21891.4
27412.8 12617.2
31883.9 8146.06
21318.8 18711.2
29736.6 10293.4
25882.5 14147.5
36694.5 3335.53
30211.8 9818.22
25225.4 14804.6
22555.3 17474.7
29195.2 10834.8
18623.9 21406.1
23310.4 16719.6
35598.4 4431.57
18369.9 21660.1
26152.3 13877.7
27488 12542
28303.8 11726.2
27900.9 12129.1
28465.6 11564.4
35293.8 4736.24
31867 8163.02
20934 19096
22724 17306
23831.9 16198.1
27151.1 12878.9
19992.3 20037.7
21705 18325
33532.8 6497.24
19016.2 21013.8
26893.6 13136.4
22191.1 17838.9
31083.4 8946.59
26162.2 13867.8
21601.4 18428.6
32021.6 8008.36
19613.7 20416.3
28769.6 11260.4
23117.2 16912.8
24670 15360
21609.4 18420.6
21757.6 18272.4
22632.2 17397.8
29616.6 10413.4
22665.3 17364.7
29885.3 10144.7
30678.1 9351.9
25620.6 14409.4
29125.2 10904.8
26444.8 13585.2
21287.4 18742.6
25639 14391
18474 21556
29042.2 10987.8
16006.6 24023.4
27507.2 12522.8
29126.8 10903.2
17319.4 22710.6
31127.1 8902.93
17908.7 22121.3
30436.8 9593.15
19992.4 20037.6
30872.8 9157.16
35074.8 4955.21
34751.2 5278.82
25076.9 14953.1
25785.1 14244.9
24605.4 15424.6
17972.7 22057.3
30254.5 9775.52
18246.7 21783.3
31918.1 8111.86
28929.2 11100.8
29946.9 10083.1
27629.9 12400.1
29674.6 10355.4
30278 9751.98
27605.2 12424.8
27464.5 12565.5
19695.9 20334.1
24264.6 15765.4
36593.8 3436.16
24922.5 15107.5
31628 8401.98
26092.9 13937.1
31166.6 8863.41
31513.3 8516.71
27075.5 12954.5
32404 7626.04
26801.4 13228.6
28265.3 11764.7
32425.6 7604.35
28180.7 11849.3
21714 18316
28448.3 11581.7
28264.5 11765.5
22371.8 17658.2
25048.2 14981.8
28600.8 11429.2
24788.3 15241.7
26682.5 13347.5
24811.7 15218.3
32896.1 7133.93
30699 9330.97
29840.3 10189.7
25516.1 14513.9
20511.7 19518.3
26924.9 13105.1
32596.3 7433.72
25860.2 14169.8
29423.8 10606.2
22915.5 17114.5
33115.1 6914.87
27982.6 12047.4
24590.4 15439.6
27821.1 12208.9
24587 15443
32938.5 7091.46
27400.3 12629.7
27165.9 12864.1
24451.8 15578.2
29141.4 10888.6
25306.9 14723.1
31395.2 8634.77
25045.5 14984.5
22160 17870
30308.7 9721.29
26554.5 13475.5
33244.6 6785.36
26763 13267
35451.1 4578.89
25443.7 14586.3
24812.3 15217.7
35251.6 4778.37
25777 14253
30032.5 9997.54
23647.7 16382.3
24787.8 15242.2
30730.1 9299.9
27730.3 12299.7
22472.2 17557.8
30742.5 9287.53
33208 6822.04
30932.9 9097.06
29241.8 10788.2
25750 14280
34356 5673.98
33398.3 6631.7
25609.4 14420.6
28840.5 11189.5
22620.9 17409.1
27364.8 12665.2
28802.4 11227.6
25505.4 14524.6
27100 12930
30771.1 9258.86
32116.3 7913.67
30408.7 9621.33
29989 10041
24426.6 15603.4
24310.8 15719.2
25950.2 14079.8
27692.6 12337.4
25474.2 14555.8
32347.3 7682.71
27379.8 12650.2
20427.2 19602.8
21461.5 18568.5
28291.1 11738.9
34370.5 5659.49
27866.1 12163.9
20813 19217
29579 10451
22722.5 17307.5
30024.7 10005.3
23526.8 16503.2
32794.4 7235.63
23306.2 16723.8
21196.6 18833.4
31833.9 8196.11
34200.4 5829.63
23501.4 16528.6
23531.3 16498.7
24350.2 15679.8
25950.1 14079.9
23952.9 16077.1
24534 15496
14553.2 25476.8
33862.1 6167.9
25320.6 14709.4
34116.8 5913.25
23826.4 16203.6
27077.3 12952.7
28517.6 11512.4
32108.3 7921.67
26414.7 13615.3
26577.1 13452.9
26599.4 13430.6
24042.5 15987.5
37006.2 3023.76
24340.2 15689.8
21830.4 18199.6
31708.4 8321.6
17095.9 22934.1
27832.7 12197.3
23551 16479
32827.5 7202.52
30747.2 9282.79
26224.6 13805.4
34438.2 5591.76
29306.6 10723.4
13998 26032
22762.1 17267.9
27061.1 12968.9
26896.4 13133.6
21696.4 18333.6
24615.1 15414.9
20608.4 19421.6
24296.2 15733.8
29532.6 10497.4
25651.7 14378.3
24276.7 15753.3
28223.1 11806.9
27910.6 12119.4
24437.8 15592.2
21825.7 18204.3
27057.2 12972.8
27551.4 12478.6
29584.7 10445.3
21224.7 18805.3
24115.9 15914.1
29372.5 10657.5
29205.9 10824.1
20967.8 19062.2
28095 11935
32584.8 7445.24
21208.6 18821.4
26805.2 13224.8
30027.1 10002.9
28355 11675
23728.8 16301.2
22468.6 17561.4
17895.9 22134.1
21247.1 18782.9
25037.6 14992.4
23731.2 16298.8
20464.3 19565.7
27658.8 12371.2
21201.4 18828.6
25695.5 14334.5
32006.1 8023.93
17140.6 22889.4
28559.5 11470.5
28085.3 11944.7
14600.9 25429.1
32147.1 7882.86
21201.2 18828.8
24542.1 15487.9
25878.4 14151.6
29858.7 10171.3
26001 14029
34723.7 5306.32
24599 15431
34050.1 5979.88
32956 7074.02
36376.2 3653.79
31364.2 8665.76
29893.3 10136.7
29084.7 10945.3
25993.8 14036.2
26430.3 13599.7
23845 16185
26351.7 13678.3
25700.6 14329.4
14813.8 25216.2
27596.3 12433.7
25220.2 14809.8
30975.2 9054.76
28379.8 11650.2
26927.1 13102.9
25417.3 14612.7
26022.4 14007.6
27681.7 12348.3
32079.2 7950.77
31105.9 8924.08
27300.1 12729.9
19113.9 20916.1
33301.9 6728.09
21047.4 18982.6
27578.1 12451.9
21471.7 18558.3
29095.1 10934.9
21820.3 18209.7
27708.2 12321.8
25991.9 14038.1
22492.7 17537.3
23441.2 16588.8
20434.6 19595.4
31449.8 8580.22
16912.5 23117.5
26268.6 13761.4
23262.8 16767.2
15092.6 24937.4
34249.6 5780.42
34216.5 5813.53
23050.7 16979.3
25598.3 14431.7
24381.2 15648.8
31663.5 8366.49
27619 12411
19540.1 20489.9
27186.5 12843.5
29343.7 10686.3
30437.3 9592.74
28595.6 11434.4
29521.2 10508.8
26469.4 13560.6
29495.1 10534.9
19963.9 20066.1
25239.4 14790.6
25093.1 14936.9
29642.9 10387.1
20393.9 19636.1
21796.3 18233.7
25001.2 15028.8
19771.7 20258.3
23184.4 16845.6
27462.4 12567.6
21543.7 18486.3
16051.8 23978.2
27968 12062
37167.7 2862.26
33363.9 6666.05
24231.6 15798.4
27125.7 12904.3
30439.8 9590.25
30084.8 9945.2
24463.2 15566.8
21426.8 18603.2
25208.2 14821.8
25779.1 14250.9
28690.4 11339.6
33025.6 7004.43
20897.7 19132.3
30426 9604
31222.1 8807.86
27199.5 12830.5
21997 18033
25630.2 14399.8
21898 18132
26747.2 13282.8
33290.7 6739.29
30609.3 9420.73
28370.2 11659.8
35943.4 4086.58
28851.6 11178.4
28566.1 11463.9
22094.9 17935.1
33385 6645.02
35004.6 5025.37
34250.2 5779.82
18458 21572
20484.9 19545.1
31841.5 8188.55
30106.9 9923.15
21729.5 18300.5
31652 8377.99
26478.5 13551.5
32570.3 7459.65
24415.2 15614.8
22660.2 17369.8
15814.7 24215.3
22613.2 17416.8
33043.4 6986.63
28023.3 12006.7
34621 5408.96
21380.4 18649.6
33712.5 6317.52
25008.4 15021.6
24312.4 15717.6
26835.5 13194.5
31538.5 8491.52
26186.3 13843.7
22669.2 17360.8
30315.8 9714.22
24810.8 15219.2
25886.8 14143.2
26106 13924
25734.4 14295.6
36098.2 3931.8
24718.6 15311.4
23718.8 16311.2
29136.6 10893.4
17855.4 22174.6
33915.9 6114.11
27227.8 12802.2
28398.1 11631.9
28551.4 11478.6
20126.8 19903.2
19123.7 20906.3
24986.7 15043.3
23867.7 16162.3
33801.8 6228.15
24089 15941
31307.3 8722.75
28392.7 11637.3
30298.4 9731.58
31167.9 8862.06
34397.5 5632.48
21879.7 18150.3
28123.5 11906.5
28684.1 11345.9
20076.8 19953.2
25579.8 14450.2
26836.8 13193.2
30477 9553.05
21855.2 18174.8
20380.7 19649.3
22647.1 17382.9
30665.4 9364.6
32972.2 7057.79
34367 5663.04
30673.8 9356.15
33849.9 6180.07
31602.6 8427.36
28454.9 11575.1
31739.6 8290.4
28078.7 11951.3
31693.5 8336.51
25534.9 14495.1
21234.6 18795.4
30268.2 9761.8
31559.7 8470.29
19614.7 20415.3
29011.5 11018.5
27605.4 12424.6
24039.3 15990.7
27080 12950
15283.4 24746.6
19880.8 20149.2
20937.2 19092.8
25143.4 14886.6
24843.4 15186.6
28742.4 11287.6
28969.2 11060.8
30748.8 9281.24
29435.3 10594.7
31688.7 8341.26
21574.2 18455.8
31825.2 8204.78
23779.5 16250.5
26016.2 14013.8
21010.6 19019.4
22701.2 17328.8
22144.1 17885.9
24037.3 15992.7
28588.4 11441.6
27139.1 12890.9
31801.3 8228.67
29680.6 10349.4
34942.8 5087.18
36304.3 3725.74
35645.7 4384.33
27205.2 12824.8
23280.5 16749.5
20134.5 19895.5
31473.9 8556.05
31095.4 8934.61
27329 12701
23955.4 16074.6
27994.6 12035.4
29742 10288
30330.3 9699.74
24978.2 15051.8
24887.2 15142.8
26735.3 13294.7
21889.4 18140.6
22533.3 17496.7
20807.6 19222.4
22662.4 17367.6
26039.8 13990.2
16225.2 23804.8
34530.3 5499.7
20719.3 19310.7
23775.3 16254.7
22852.5 17177.5
33775.6 6254.37
16446.1 23583.9
28258 11772
24713.2 15316.8
27185.1 12844.9
15938.4 24091.6
24207.2 15822.8
31648.4 8381.6
34895 5135.04
27588.4 12441.6
29177.6 10852.4
24769.4 15260.6
25413.2 14616.8
29957.4 10072.6
22095.2 17934.8
22647.3 17382.7
20565.2 19464.8
22415.7 17614.3
32075.6 7954.41
24798.2 15231.8
22974.7 17055.3
26271.1 13758.9
21729.9 18300.1
27058.9 12971.1
31429.4 8600.62
25985 14045
31070.8 8959.18
26210.7 13819.3
23856.5 16173.5
26308.6 13721.4
24083.8 15946.2
26523.9 13506.1
29954.5 10075.5
18106.1 21923.9
26310.4 13719.6
25487.7 14542.3
24982 15048
27311.2 12718.8
31867.6 8162.37
21641.2 18388.8
21709.4 18320.6
24949.7 15080.3
19288.2 20741.8
20860.3 19169.7
27381.2 12648.8
20551.8 19478.2
23728.4 16301.6
24710 15320
25864.5 14165.5
24145.2 15884.8
17943 22087
35232.8 4797.19
22261.2 17768.8
27050.9 12979.1
17757.5 22272.5
19948.1 20081.9
32403.7 7626.29
22401.1 17628.9
26705.3 13324.7
25817.4 14212.6
29250.8 10779.2
29862.2 10167.8
18504 21526
26213.3 13816.7
19331.9 20698.1
29270.8 10759.2
21344.1 18685.9
22266.5 17763.5
20043.6 19986.4
25074.1 14955.9
26755.9 13274.1
23395.8 16634.2
31504.5 8525.52
29336.1 10693.9
27350.4 12679.6
21064.4 18965.6
31503.6 8526.37
18349.9 21680.1
29264.6 10765.4
27503.4 12526.6
31504.5 8525.49
33992 6038.05
29655.3 10374.7
19905.7 20124.3
27669 12361
32382.6 7647.38
27333.4 12696.6
28620.9 11409.1
38355.2 1674.78
29360.3 10669.7
24528.3 15501.7
32118.7 7911.28
18072 21958
25536.5 14493.5
27698.4 12331.6
19303.7 20726.3
28259.8 11770.2
19792.1 20237.9
35821.9 4208.06
27058.4 12971.6
15882 24148
25601.1 14428.9
22236.7 17793.3
32016.4 8013.6
26062.1 13967.9
32226.6 7803.41
26474.2 13555.8
24221.9 15808.1
20996.8 19033.2
30948.6 9081.42
23397.2 16632.8
31390.1 8639.91
26999 13031
27618.9 12411.1
20173.5 19856.5
28512.5 11517.5
28479.9 11550.1
24931 15099
28107.2 11922.8
27568.7 12461.3
24786.6 15243.4
25322.4 14707.6
17689.4 22340.6
27085.7 12944.3
35389.7 4640.35
27663.3 12366.7
29649.6 10380.4
22575 17455
33261.8 6768.24
27940 12090
23472.7 16557.3
24249.3 15780.7
24457.1 15572.9
24726.5 15303.5
32247.4 7782.64
28729 11301
26597.4 13432.6
18470 21560
28756.8 11273.2
20679.8 19350.2
28896.2 11133.8
31245.2 8784.84
33017.3 7012.75
26916.5 13113.5
26455.4 13574.6
24380.3 15649.7
24584.7 15445.3
29919.6 10110.4
21948.3 18081.7
23590.8 16439.2
30044.7 9985.26
27920.9 12109.1
29531.3 10498.7
30787.2 9242.85
22562.5 17467.5
30859.4 9170.64
26085.6 13944.4
27647.1 12382.9
29873.2 10156.8
26072.7 13957.3
25436.5 14593.5
20898.9 19131.1
28095.7 11934.3
26510.1 13519.9
21896.7 18133.3
28560.7 11469.3
24092.6 15937.4
17805.5 22224.5
31562.9 8467.07
26884.2 13145.8
34171.6 5858.37
22170.5 17859.5
24117.1 15912.9
24032.7 15997.3
27175.8 12854.2
34416.1 5613.85
32221.7 7808.35
20331.9 19698.1
21233.9 18796.1
28658.6 11371.4
27075.8 12954.2
23220.1 16809.9
35125.8 4904.22
35463.2 4566.84
29907.6 10122.4
18710.9 21319.1
18613.9 21416.1
27378.4 12651.6
26536.2 13493.8
20770.8 19259.2
23112.8 16917.2
30888.6 9141.43
28483.4 11546.6
22719.9 17310.1
25688 14342
26441.1 13588.9
28542.7 11487.3
27161.1 12868.9
22298.6 17731.4
31171.2 8858.81
25316.3 14713.7
28022.7 12007.3
21882.1 18147.9
33873.7 6156.35
27389.9 12640.1
19397.8 20632.2
24820.3 15209.7
