45041.6 5009.42
33035.7 17015.3
36987.4 13063.6
35303.5 14747.5
29413 20638
30770.4 19280.6
28581.3 21469.7
39341.3 10709.7
39797.4 10253.6
41655.5 8395.54
39883.8 10167.2
47658.9 2392.09
33771.1 16279.9
39102.4 10948.6
27524.4 22526.6
25609.6 24441.4
29248.4 20802.6
41513 8537.98
38612.5 11438.5
35963.1 14087.9
25498.9 24552.1
36141.2 13909.8
26014.5 24036.5
37485.7 12565.3
35339.4 14711.6
28563.4 21487.6
37807.9 12243.1
37503.7 12547.3
42308.4 7742.6
29816.7 20234.3
35256.8 14794.2
31885.5 18165.5
34667.6 15383.4
28110.4 21940.6
30756.3 19294.7
43346.8 6704.23
25561.8 24489.2
26079.7 23971.3
29118.5 20932.5
38488.8 11562.2
24624.2 25426.8
37259.7 12791.3
36462 13589
37965.8 12085.2
44541.8 5509.16
32097.8 17953.2
34777.3 15273.7
35507.5 14543.5
41357.4 8693.56
32400.6 17650.4
26909.1 23141.9
40917.8 9133.21
22395.7 27655.3
26453.5 23597.5
19682.3 30368.7
36626.8 13424.2
41645.8 8405.19
29706.3 20344.7
46337.6 3713.39
29314.6 20736.4
22837.1 27213.9
34137.3 15913.7
40081.3 9969.68
35857.5 14193.5
44052.9 5998.14
29273.7 20777.3
24143 25908
36229.8 13821.2
43364.7 6686.26
32422.5 17628.5
20473.6 29577.4
18332.3 31718.7
38555.8 11495.2
37773.3 12277.7
40762.6 9288.4
35075.9 14975.1
26293.7 23757.3
35851.3 14199.7
37929.3 12121.7
29157.6 20893.4
23733.4 26317.6
39609.6 10441.4
30947.3 19103.7
36873.2 13177.8
40188.2 9862.75
29266.7 20784.3
42075.6 7975.41
34177.4 15873.6
34444.7 15606.3
27097 22954
36131.1 13919.9
31102.6 18948.4
41271.6 8779.38
40018.2 10032.8
31358.1 18692.9
31680.6 18370.4
32020.7 18030.3
24836.5 25214.5
40278.5 9772.51
23964.9 26086.1
40108.4 9942.55
36672.6 13378.4
24215.3 25835.7
35004.1 15046.9
39954.6 10096.4
25446.4 24604.6
36748.5 13302.5
35929.8 14121.2
31141.2 18909.8
41744.3 8306.67
32980.7 17070.3
38300.9 11750.1
37174.1 12876.9
36454.5 13596.5
35351.6 14699.4
38425.2 11625.8
28901 21150
33739.9 16311.1
35570.9 14480.1
34180.3 15870.7
31753.1 18297.9
29336 20715
37717.5 12333.5
35277.3 14773.7
39194.7 10856.3
28295.2 21755.8
28030.6 22020.4
37834.4 12216.6
27110.8 22940.2
35435.5 14615.5
31971.7 18079.3
34644 15407
43292.3 6758.68
35926.2 14124.8
40576.8 9474.15
31302.4 18748.6
42148.7 7902.32
35115.1 14935.9
24014.2 26036.8
36159.9 13891.1
24199.8 25851.2
32030.8 18020.2
31758.9 18292.1
44227.1 5823.94
31444 18607
40370.5 9680.52
35738.2 14312.8
33098.1 16952.9
25111.7 24939.3
31713.2 18337.8
22295.6 27755.4
32367.6 17683.4
26733.2 23317.8
29833.8 20217.2
22545.5 27505.5
31691.4 18359.6
37936.8 12114.2
37818.9 12232.1
33255.5 16795.5
29825.1 20225.9
40422.2 9628.78
34921.6 15129.4
32290.8 17760.2
26213.3 23837.7
41744.4 8306.58
36711.5 13339.5
36110.6 13940.4
34419.8 15631.2
43171.4 6879.65
41195.5 8855.47
38306.9 11744.1
30422.5 19628.5
29743.9 20307.1
33841.9 16209.1
32029.1 18021.9
34022.9 16028.1
44352.3 5698.67
42861.9 7189.07
40618 9433.02
36920.2 13130.8
28861.5 21189.5
34399.5 15651.5
41727.5 8323.54
27408.9 22642.1
41706.2 8344.77
36396.1 13654.9
28159.7 21891.3
34473.2 15577.8
38204.4 11846.6
16790.9 33260.1
27897.6 22153.4
21283.8 28767.2
31520.8 18530.2
42130.5 7920.5
35572.4 14478.6
41184.5 8866.53
34118.3 15932.7
31994 18057
27333.4 22717.6
43665.2 6385.77
28146.6 21904.4
33256.6 16794.4
36348.3 13702.7
33980.2 16070.8
32812.6 17238.4
27805.4 22245.6
35477.5 14573.5
42786.8 7264.2
32336.4 17714.6
35005 15046
37862.2 12188.8
23784.9 26266.1
41374.9 8676.09
32055.2 17995.8
30966.7 19084.3
22286.9 27764.1
36268.8 13782.2
36949.3 13101.7
37883.6 12167.4
42920.8 7130.24
37425.3 12625.7
19153.4 30897.6
34742.6 15308.4
39773.3 10277.7
35138.9 14912.1
34757.1 15293.9
40831.2 9219.84
18585.7 31465.3
28641.6 21409.4
31833.1 18217.9
36060.3 13990.7
27009.8 23041.2
30407.6 19643.4
35788.4 14262.6
34075.6 15975.4
39530.7 10520.3
30583.3 19467.7
45892.7 4158.32
33046.8 17004.2
33743.1 16307.9
21909.1 28141.9
25217.4 24833.6
46635.4 3415.59
31798.7 18252.3
28897.8 21153.2
31178.2 18872.8
37803.1 12247.9
24424.8 25626.2
30270.1 19780.9
39344 10707
21532.5 28518.5
36039.7 14011.3
42851.6 7199.44
33974.7 16076.3
43407.1 6643.89
33256.4 16794.6
40753.4 9297.58
25574.6 24476.4
34653.8 15397.2
34683.8 15367.2
30754.3 19296.7
33126.1 16924.9
34078.7 15972.3
30888.9 19162.1
34898.2 15152.8
37350.8 12700.2
28368.6 21682.4
40138.2 9912.76
29850 20201
34994 15057
32464.5 17586.5
31649.6 18401.4
43067.1 6983.93
40610.9 9440.12
39375.7 10675.3
34443.4 15607.6
26548.8 23502.2
33001.6 17049.4
33788.5 16262.5
38721.4 11329.6
28636.7 21414.3
28794.9 21256.1
24319.4 25731.6
35970.7 14080.3
29210.6 20840.4
33460.7 16590.3
37828.4 12222.6
36272.1 13778.9
33480 16571
47597.6 2453.44
34038.7 16012.3
29923.5 20127.5
45001 5050.02
43902.7 6148.33
29129.5 20921.5
28639.1 21411.9
30919.4 19131.6
29494.5 20556.5
24515.6 25535.4
31857.1 18193.9
35828.7 14222.3
37933.6 12117.4
28151.2 21899.8
39809.9 10241.1
28140.6 21910.4
28682.5 21368.5
32241.4 17809.6
32578.4 17472.6
44781.6 5269.39
19798.9 30252.1
45260.7 4790.27
30637.4 19413.6
29874.4 20176.6
33748.1 16302.9
44967 5083.96
22748.4 27302.6
33837.9 16213.1
21993.4 28057.6
35141.5 14909.5
21243 28808
38018.7 12032.3
37037.5 13013.5
43437.8 6613.2
39854 10197
26840.1 23210.9
30432.6 19618.4
41965.5 8085.5
37639.2 12411.8
36313.9 13737.1
23131.2 26919.8
27142.8 22908.2
32626.9 17424.1
27886.5 22164.5
25825.4 24225.6
35222.2 14828.8
28445.6 21605.4
43057 6993.95
23172.7 26878.3
33347.2 16703.8
28072.1 21978.9
35374.8 14676.2
28999.3 21051.7
39799.8 10251.2
39619.8 10431.2
21764.1 28286.9
39027.6 11023.4
34801.8 15249.2
30633 19418
37572.3 12478.7
28704.6 21346.4
23319.5 26731.5
33516.3 16534.7
39132.6 10918.4
30899.3 19151.7
44573.9 5477.05
39050.2 11000.8
27118.6 22932.4
40505.1 9545.87
42422.3 7628.67
44280.5 5770.47
30116.8 19934.2
33660.3 16390.7
30667.3 19383.7
29742.4 20308.6
39268.2 10782.8
29181.5 20869.5
40354.7 9696.35
43604.6 6446.42
35670.1 14380.9
30651 19400
37127.1 12923.9
36902.9 13148.1
29251.6 20799.4
24660.2 25390.8
27604.2 22446.8
35748.4 14302.6
33769 16282
27848.9 22202.1
34660.9 15390.1
41716.2 8334.79
32047.9 18003.1
30497.5 19553.5
26266.1 23784.9
45782 4269.03
28133.4 21917.6
29793.2 20257.8
32260 17791
36211.9 13839.1
27274.2 22776.8
32411.5 17639.5
37439.5 12611.5
25569.4 24481.6
28038.2 22012.8
25574.8 24476.2
31097.8 18953.2
34935.4 15115.6
37642.7 12408.3
34774.8 15276.2
39307.3 10743.7
31792.1 18258.9
26329.7 23721.3
22252.7 27798.3
36747 13304
37453.3 12597.7
30338 19713
21430.7 28620.3
36001.7 14049.3
38341.8 11709.2
23940.6 26110.4
31002.6 19048.4
36286.3 13764.7
36900.1 13150.9
27365.8 22685.2
34950.3 15100.7
37068.8 12982.2
28367 21684
38408.6 11642.4
23091.8 26959.2
31148.3 18902.7
15524.3 34526.7
29354 20697
26908.6 23142.4
35759.7 14291.3
33809.6 16241.4
28518 21533
28681.4 21369.6
29210.1 20840.9
30213.5 19837.5
32385.1 17665.9
31859.5 18191.5
30930.2 19120.8
28228 21823
27759.8 22291.2
45381.9 4669.12
42775.3 7275.7
27559.6 22491.4
35593.4 14457.6
39013.2 11037.8
32129.8 17921.2
29963.9 20087.1
39008.1 11042.9
39938.2 10112.8
26311.9 23739.1
20946.3 29104.7
33207.5 16843.5
23836.5 26214.5
41703.8 8347.19
38004.4 12046.6
38993.4 11057.6
36237.6 13813.4
33637.8 16413.2
19725.7 30325.3
34574.5 15476.5
34664.6 15386.4
30165.6 19885.4
25728.8 24322.2
40382.6 9668.44
25946.9 24104.1
33943.1 16107.9
34487.4 15563.6
34751.2 15299.8
36705.7 13345.3
39120.7 10930.3
36136.1 13914.9
33960.6 16090.4
37866.1 12184.9
38945.5 11105.5
38792.4 11258.6
41645.2 8405.76
35087.3 14963.7
32679.5 17371.5
38967.6 11083.4
36282.4 13768.6
37113.7 12937.3
21546.5 28504.5
29846.8 20204.2
37064.5 12986.5
25738.9 24312.1
36547.9 13503.1
38761.3 11289.7
29253.3 20797.7
27309.6 22741.4
25610.3 24440.7
30818.7 19232.3
40834.6 9216.41
39298.9 10752.1
22053.3 27997.7
41222 8829.04
34415.7 15635.3
43110.6 6940.44
39548.6 10502.4
30853.8 19197.2
33927.5 16123.5
26800 23251
29488.9 20562.1
41579.2 8471.77
32984.7 17066.3
37751 12300
38910 11141
38265.8 11785.2
35603.2 14447.8
35931.1 14119.9
35515.5 14535.5
31895.1 18155.9
32708.2 17342.8
32463 17588
28074.6 21976.4
35358.8 14692.2
25439.5 24611.5
39039.2 11011.8
29093.7 20957.3
33923.6 16127.4
33226.1 16824.9
30585.4 19465.6
28908.4 21142.6
44193.1 5857.94
25663.7 24387.3
37320.1 12730.9
41736.3 8314.71
36269.1 13781.9
31986.1 18064.9
28394 21657
38329 11722
26188.9 23862.1
31556.5 18494.5
34448.8 15602.2
32443.4 17607.6
33126.3 16924.7
33996.1 16054.9
36026.8 14024.2
42262.8 7788.21
31171.3 18879.7
31544.6 18506.4
21866.2 28184.8
39978.7 10072.3
32024.6 18026.4
37283.8 12767.2
34769.8 15281.2
35060 14991
29693.4 20357.6
42098.6 7952.39
37412 12639
35318.8 14732.2
36830.5 13220.5
34701.5 15349.5
40724.1 9326.94
34113.1 15937.9
33351.4 16699.6
37328.1 12722.9
28038.9 22012.1
33380.1 16670.9
36081.3 13969.7
25228.9 24822.1
43697.3 6353.74
12819.7 37231.3
35882.9 14168.1
33027.4 17023.6
35433.7 14617.3
31121.5 18929.5
38951.4 11099.6
36038.8 14012.2
33427.8 16623.2
26582 23469
31860.2 18190.8
36255.1 13795.9
35408 14643
35609.3 14441.7
31796.9 18254.1
36735.8 13315.2
29156.6 20894.4
27978.7 22072.3
30660.7 19390.3
35655 14396
31352.1 18698.9
24415.3 25635.7
38228 11823
35072.1 14978.9
40046.1 10004.9
35387.8 14663.2
24939 25112
32878.6 17172.4
31939.3 18111.7
35415 14636
32074.4 17976.6
30722.4 19328.6
29576.7 20474.3
35126.5 14924.5
26184.3 23866.7
34154.8 15896.2
32339.7 17711.3
37080.5 12970.5
37598.8 12452.2
31337.7 18713.3
34959.4 15091.6
37132 12919
27272 22779
29621.8 20429.2
34683.1 15367.9
30726.8 19324.2
28034.4 22016.6
37670.6 12380.4
32119.9 17931.1
32215.5 17835.5
38243 11808
34713.2 15337.8
23926.1 26124.9
37012.2 13038.8
31877.8 18173.2
39342.2 10708.8
37555.7 12495.3
38230.5 11820.5
23138.5 26912.5
30621.7 19429.3
30876.8 19174.2
30826.8 19224.2
27656.7 22394.3
31445.9 18605.1
33182.9 16868.1
33233.4 16817.6
40863.4 9187.58
31335 18716
34330.2 15720.8
41293 8757.98
38932.2 11118.8
37311.9 12739.1
35056 14995
44668.6 5382.41
32699.7 17351.3
32398.6 17652.4
41748 8302.97
40156 9894.97
40375.5 9675.49
39713.3 10337.7
36865.2 13185.8
31661.1 18389.9
21570.6 28480.4
35614.8 14436.2
29649.7 20401.3
29106.3 20944.7
28053.2 21997.8
33820.1 16230.9
34608.7 15442.3
41662.2 8388.83
31032 19019
33322.6 16728.4
33319.9 16731.1
33670.9 16380.1
33714.2 16336.8
30959.7 19091.3
33781.9 16269.1
35541.1 14509.9
36866.8 13184.2
38443 11608
30120.5 19930.5
37548.2 12502.8
25394.8 24656.2
30217.3 19833.7
25033 25018
34400.3 15650.7
37349.6 12701.4
19933.9 30117.1
15848.5 34202.5
33348.5 16702.5
37133.5 12917.5
36488.2 13562.8
38227.1 11823.9
27949.6 22101.4
28123.5 21927.5
24737.5 25313.5
43946.9 6104.15
35650.6 14400.4
39792.1 10258.9
26969.8 23081.2
37172.2 12878.8
34049 16002
25684.3 24366.7
34316.9 15734.1
30146.1 19904.9
38377.7 11673.3
25579.8 24471.2
39707.6 10343.4
44000.6 6050.36
31503.5 18547.5
27951.2 22099.8
29745 20306
32271.7 17779.3
42129.3 7921.69
45406.3 4644.71
34877.8 15173.2
21371.4 28679.6
34904.2 15146.8
41480.4 8570.57
30016.8 20034.2
23797.2 26253.8
33939.8 16111.2
34639.1 15411.9
28369.1 21681.9
39303.7 10747.3
31110.2 18940.8
42198.4 7852.56
34894.4 15156.6
31443.6 18607.4
34763.1 15287.9
32060.7 17990.3
33006.6 17044.4
14276.3 35774.7
27273.5 22777.5
36886.9 13164.1
28006.5 22044.5
31427.3 18623.7
40106.7 9944.29
29859.5 20191.5
31550.6 18500.4
28570.1 21480.9
37879.6 12171.4
36178 13873
21694.3 28356.7
18748.3 31302.7
33032.5 17018.5
34274.3 15776.7
30675.8 19375.2
32333.1 17717.9
36924.8 13126.2
27596.9 22454.1
33518 16533
28733.4 21317.6
19432 30619
32149.9 17901.1
35107.7 14943.3
34123.9 15927.1
37561 12490
40786.4 9264.57
25652.7 24398.3
36550.6 13500.4
30596.5 19454.5
42079.3 7971.69
30195.7 19855.3
28388.7 21662.3
40340.9 9710.08
43956.9 6094.08
27709.2 22341.8
35467.5 14583.5
25812.6 24238.4
39269.7 10781.3
25306.6 24744.4
23672.4 26378.6
32041.9 18009.1
35832.2 14218.8
33428.7 16622.3
40636.4 9414.6
27205.7 22845.3
31435.7 18615.3
26751.6 23299.4
36979.7 13071.3
34694.3 15356.7
26038.1 24012.9
36438.9 13612.1
28667.6 21383.4
38517.2 11533.8
31772.2 18278.8
37056.6 12994.4
33532.2 16518.8
35270.5 14780.5
35216.6 14834.4
40218.9 9832.05
19628.7 30422.3
36086.1 13964.9
34310.9 15740.1
27690.3 22360.7
34081.1 15969.9
45878.1 4172.94
38154.8 11896.2
37073.6 12977.4
32341.9 17709.1
32905.4 17145.6
41392.1 8658.91
31313.2 18737.8
27380.2 22670.8
19928.8 30122.2
29555.6 20495.4
34104.3 15946.7
28865.5 21185.5
34525.7 15525.3
31208 18843
33325.3 16725.7
35600.2 14450.8
26616.8 23434.2
34845 15206
37149.1 12901.9
30787.5 19263.5
32881 17170
33255.6 16795.4
40343 9707.96
22776.1 27274.9
31880 18171
32132.2 17918.8
33691.1 16359.9
35744.4 14306.6
34704.9 15346.1
34025.5 16025.5
25169.7 24881.3
27253.8 22797.2
36591.5 13459.5
27832.5 22218.5
38384.1 11666.9
40086.7 9964.27
28613.6 21437.4
29645.5 20405.5
42290.1 7760.92
35195.6 14855.4
34855.6 15195.4
37811.9 12239.1
33919 16132
27016.8 23034.2
30349.2 19701.8
29928 20123
37765.5 12285.5
34014.3 16036.7
39582.4 10468.6
37395.4 12655.6
37141.2 12909.8
26000.5 24050.5
39118.9 10932.1
35824.8 14226.2
35719.9 14331.1
29901.6 20149.4
39201.2 10849.8
34479.4 15571.6
33265.1 16785.9
37415 12636
35718.6 14332.4
25647.5 24403.5
36461.3 13589.7
24311.9 25739.1
33257.9 16793.1
22378.2 27672.8
32251.1 17799.9
23667.3 26383.7
34730 15321
35773.2 14277.8
34878.2 15172.8
40409.8 9641.23
21528.3 28522.7
41798.5 8252.47
25834.1 24216.9
38832.8 11218.2
28130 21921
45553.7 4497.27
34501.6 15549.4
27464 22587
42486.4 7564.57
36185.6 13865.4
38175.7 11875.3
23186 26865
37702.8 12348.2
37087.5 12963.5
41758.2 8292.8
31846.7 18204.3
27946.2 22104.8
29577.2 20473.8
30245.9 19805.1
25764.4 24286.6
31173.3 18877.7
33061.8 16989.2
39380.9 10670.1
35383.6 14667.4
32892.6 17158.4
41556.5 8494.51
27225.3 22825.7
38056.2 11994.8
29365.4 20685.6
37727.2 12323.8
31474.5 18576.5
43585.2 6465.84
36315.3 13735.7
31766 18285
43346.4 6704.58
31365.3 18685.7
39939.9 10111.1
28255.7 21795.3
36006.8 14044.2
30120.8 19930.2
39199.1 10851.9
33052.8 16998.2
38548.7 11502.3
23551.2 26499.8
31765.9 18285.1
36510.7 13540.3
38067 11984
41580.4 8470.63
37099.7 12951.3
30761.8 19289.2
38480.4 11570.6
43032.5 7018.51
39278.4 10772.6
35798.3 14252.7
23661.1 26389.9
33673.9 16377.1
33259.9 16791.1
29712.6 20338.4
26616 23435
24668.8 25382.2
36613.4 13437.6
33897.9 16153.1
31503.4 18547.6
32414.7 17636.3
35153.4 14897.6
24295.7 25755.3
40508.3 9542.74
39049.3 11001.7
39646.1 10404.9
42637.7 7413.3
35109 14942
21062.5 28988.5
35364.5 14686.5
40950.1 9100.86
26832.6 23218.4
21284.1 28766.9
28611.2 21439.8
31739.1 18311.9
41744.6 8306.41
35142 14909
38088.4 11962.6
34990.8 15060.2
36547.4 13503.6
36480.2 13570.8
30989.5 19061.5
36336.1 13714.9
38424.5 11626.5
30462.1 19588.9
37641.1 12409.9
33270.1 16780.9
43335.7 6715.33
32088.8 17962.2
34322.5 15728.5
27170 22881
31878.4 18172.6
39442.6 10608.4
39405.7 10645.3
37309.2 12741.8
42789.2 7261.83
37129.7 12921.3
27768.4 22282.6
35440.1 14610.9
32572.3 17478.7
47088.9 2962.06
37439.3 12611.7
37987.9 12063.1
34555.5 15495.5
23747.5 26303.5
25656.7 24394.3
41361.3 8689.67
31064.3 18986.7
40642.1 9408.91
20854.7 29196.3
38174.8 11876.2
37516.9 12534.1
29511.8 20539.2
36484.8 13566.2
36762 13289
37535.8 12515.2
33078 16973
26015.8 24035.2
34409.9 15641.1
28525.1 21525.9
25482.3 24568.7
31782.3 18268.7
36762.7 13288.3
27471.6 22579.4
32808.9 17242.1
33529 16522
44841.4 5209.57
32103.4 17947.6
43740.8 6310.18
38135 11916
33271.6 16779.4
24920 25131
25470 24581
30878.7 19172.3
32925.6 17125.4
33616.4 16434.6
28958.6 21092.4
27507.1 22543.9
33150 16901
38412.8 11638.2
28221.4 21829.6
33900.6 16150.4
33767.3 16283.7
29034.5 21016.5
40911 9139.99
36949.5 13101.5
27850.5 22200.5
39732.7 10318.3
27323.9 22727.1
29280 20771
40730.1 9320.95
38561.3 11489.7
29672.2 20378.8
24679.7 25371.3
36336.3 13714.7
24314.9 25736.1
34059.5 15991.5
22166.3 27884.7
38361.8 11689.2
36390.1 13660.9
30972.4 19078.6
31208.6 18842.4
32514.6 17536.4
34043.7 16007.3
28506.9 21544.1
30003.3 20047.7
23257.4 26793.6
33383.2 16667.8
31728.8 18322.2
38624.5 11426.5
26147.3 23903.7
23867.3 26183.7
38229 11822
34013.2 16037.8
35462.6 14588.4
37949.9 12101.1
31882.8 18168.2
35893.6 14157.4
29618.4 20432.6
35707.1 14343.9
39260.5 10790.5
35026 15025
19257.8 30793.2
38636.2 11414.8
28739.3 21311.7
36722.5 13328.5
32011.8 18039.2
31173.1 18877.9
33496.8 16554.2
33249.2 16801.8
33627.4 16423.6
38772.5 11278.5
35592.1 14458.9
33193.7 16857.3
25172.8 24878.2
38804.9 11246.1
42074.2 7976.79
29894.6 20156.4
35126.9 14924.1
30765.3 19285.7
26375.9 23675.1
33146.5 16904.5
36944.4 13106.6
32732 17319
41891.5 8159.5
29244.6 20806.4
27735.7 22315.3
40568.6 9482.43
33570.3 16480.7
36857.5 13193.5
36876.5 13174.5
42599.9 7451.14
30075.5 19975.5
34952.7 15098.3
25963.4 24087.6
33785.9 16265.1
37940.3 12110.7
36777.2 13273.8
36732 13319
28737.4 21313.6
34893.9 15157.1
25645.7 24405.3
26129.3 23921.7
31030.3 19020.7
43499.9 6551.13
37443.7 12607.3
42417.4 7633.59
33471 16580
32915.8 17135.2
32688.9 17362.1
44965 5085.96
36338.5 13712.5
37423.2 12627.8
33244.6 16806.4
32470 17581
39828.1 10222.9
32972.7 17078.3
40160 9890.96
36768.3 13282.7
37330.7 12720.3
35751.5 14299.5
34711.2 15339.8
37036.3 13014.7
30722.2 19328.8
30727.2 19323.8
38862 11189
29886 20165
25748 24303
42471.3 7579.69
30845.3 19205.7
40219.4 9831.59
35589.7 14461.3
32597 17454
37955.1 12095.9
31506.5 18544.5
27527.4 22523.6
26294.3 23756.7
17678 32373
37293.8 12757.2
40912 9139.03
28858.2 21192.8
30985.5 19065.5
39619.1 10431.9
33759.2 16291.8
24876 25175
35388.8 14662.2
24896.6 25154.4
24041.3 26009.7
33941.6 16109.4
30744.5 19306.5
30433.2 19617.8
37844.9 12206.1
32675.8 17375.2
26881 23170
27401.7 22649.3
27866.3 22184.7
34680 15371
39014.2 11036.8
31808.8 18242.2
31065.7 18985.3
35975.6 14075.4
33436.6 16614.4
31503.7 18547.3
36492.7 13558.3
42252.2 7798.79
38078.1 11972.9
22446.1 27604.9
33233 16818
29798.9 20252.1
37876.3 12174.7
25469.6 24581.4
34732.2 15318.8
30097.6 19953.4
41790 8261
34485.9 15565.1
32195.2 17855.8
42367.8 7683.17
32654.7 17396.3
46544.6 3506.4
36649.5 13401.5
40249.4 9801.55
32639.1 17411.9
35870.2 14180.8
22995 27056
34859.4 15191.6
38393.3 11657.7
33057.3 16993.7
39811.3 10239.7
41110.9 8940.1
27645.1 22405.9
31221.2 18829.8
26749.2 23301.8
35700.1 14350.9
29035.2 21015.8
45240.5 4810.51
35637.7 14413.3
39065.2 10985.8
27275.3 22775.7
28950 21101
29479.8 20571.2
23699.6 26351.4
34721.7 15329.3
38434.7 11616.3
28775.4 21275.6
40942.4 9108.61
30326.2 19724.8
38247.9 11803.1
29881.1 20169.9
42018.8 8032.17
35058.9 14992.1
26874.1 23176.9
44249.5 5801.51
35653.1 14397.9
30336.9 19714.1
29479 20572
33970.5 16080.5
32281.4 17769.6
36792.3 13258.7
43350 6700.97
31485.9 18565.1
33930.2 16120.8
29906.3 20144.7
26991.4 23059.6
29390.3 20660.7
25655.4 24395.6
26700 23351
29090.2 20960.8
41626.3 8424.75
36578.4 13472.6
42450.1 7600.88
38275.4 11775.6
28979.4 21071.6
31530.9 18520.1
21230.9 28820.1
33068.2 16982.8
32711.2 17339.8
25165.1 24885.9
36363.3 13687.7
39456.8 10594.2
27774.7 22276.3
31768.8 18282.2
32125.7 17925.3
30838.3 19212.7
37734.7 12316.3
31941.6 18109.4
31982.2 18068.8
32552.9 17498.1
34176 15875
37765.8 12285.2
34659.6 15391.4
36407.9 13643.1
45156.8 4894.21
30051.9 19999.1
38747.5 11303.5
38872.6 11178.4
32744.4 17306.6
36891.9 13159.1
40203.5 9847.54
31942.1 18108.9
46541 3510.01
40018.1 10032.9
26600.9 23450.1
33386.2 16664.8
30426.7 19624.3
35324.7 14726.3
31382.1 18668.9
37554.7 12496.3
38839.3 11211.7
38633.2 11417.8
43102.7 6948.28
31896.7 18154.3
34406.7 15644.3
22761.9 27289.1
28786.8 21264.2
37397.9 12653.1
26814.4 23236.6
42277 7774
23337.8 26713.2
28739.8 21311.2
28919.2 21131.8
25871.1 24179.9
32157.4 17893.6
37428.4 12622.6
34833.9 15217.1
30557.1 19493.9
37041.1 13009.9
35356.2 14694.8
37756.5 12294.5
43718.6 6332.45
36989.7 13061.3
32898.5 17152.5
32315.8 17735.2
29188.4 20862.6
32485.3 17565.7
33097.3 16953.7
34373.3 15677.7
31251 18800
37083.4 12967.6
27632.7 22418.3
29922.5 20128.5
34448.6 15602.4
22376.8 27674.2
43230.6 6820.43
28847.1 21203.9
31416.5 18634.5
40345.3 9705.71
29694.1 20356.9
34205.5 15845.5
25399.6 24651.4
35818 14233
30568.7 19482.3
31935.4 18115.6
32815.9 17235.1
27224 22827
40123.4 9927.64
38177.2 11873.8
34369.2 15681.8
37832.6 12218.4
41697.4 8353.57
31929.6 18121.4
41515 8535.96
34655.4 15395.6
36612.5 13438.5
28189.8 21861.2
27977.3 22073.7
33060.1 16990.9
25527.9 24523.1
31241.1 18809.9
41770.2 8280.83
28908.5 21142.5
37260.9 12790.1
38267.6 11783.4
37433 12618
43341.6 6709.39
27749.5 22301.5
36363.6 13687.4
30520.4 19530.6
43919.4 6131.59
42397.1 7653.86
35616 14435
39670.8 10380.2
37255.2 12795.8
31797.7 18253.3
27948.1 22102.9
44026.3 6024.68
40797.7 9253.29
33765.6 16285.4
19202.3 30848.7
22310.5 27740.5
38487.9 11563.1
33561.7 16489.3
29732.4 20318.6
35064.7 14986.3
34125.8 15925.2
37863.5 12187.5
31026.3 19024.7
30684.3 19366.7
19831 30220
35529.9 14521.1
22067.6 27983.4
38141.6 11909.4
33611.3 16439.7
34949.1 15101.9
39692.5 10358.5
32963 17088
28394.6 21656.4
42460.1 7590.9
31175.2 18875.8
37144.9 12906.1
38714.8 11336.2
35133.7 14917.3
35228.7 14822.3
37196.9 12854.1
39373.2 10677.8
31208.8 18842.2
26328.8 23722.2
23662.5 26388.5
24491.3 25559.7
31765.1 18285.9
30057.9 19993.1
44345 5706.02
26955.6 23095.4
40860.6 9190.4
38723.4 11327.6
38190.9 11860.1
33985.6 16065.4
35325.5 14725.5
35029.6 15021.4
28436.1 21614.9
47730.1 2320.87
42845 7206.01
35776.1 14274.9
36132.9 13918.1
31666.3 18384.7
42129.6 7921.41
37917.3 12133.7
30956.3 19094.7
28727 21324
37396.5 12654.5
41426.6 8624.37
36995.6 13055.4
31590.5 18460.5
38510.1 11540.9
37893.2 12157.8
37673 12378
34590.3 15460.7
35064.3 14986.7
44423.1 5627.92
29940.4 20110.6
27442.1 22608.9
22849.8 27201.2
36522.2 13528.8
39580 10471
34993.5 15057.5
28139.9 21911.1
39095.1 10955.9
33629 16422
27432 22619
32526.5 17524.5
38926.6 11124.4
35583.4 14467.6
29225.9 20825.1
27844.4 22206.6
29442.5 20608.5
35579.9 14471.1
40544.9 9506.14
26860.9 23190.1
18195.8 31855.2
32493.7 17557.3
37083 12968
37088 12963
33537 16514
42483.3 7567.7
41560.9 8490.11
37984.8 12066.2
36849.5 13201.5
48894.5 1156.51
42787.7 7263.34
28023.7 22027.3
33040.3 17010.7
41919.9 8131.12
34633.9 15417.1
40021.8 10029.2
34413.7 15637.3
35012.2 15038.8
32048.1 18002.9
28558.1 21492.9
44986.9 5064.06
31647.3 18403.7
41455.7 8595.25
36185.4 13865.6
36648.4 13402.6
23358.9 26692.1
38616.2 11434.8
42477.3 7573.69
43705 6345.96
39952.4 10098.6
40608.4 9442.61
24174.9 25876.1
35771.2 14279.8
31984.6 18066.4
38189.4 11861.6
23195.3 26855.7
25498.8 24552.2
32664.8 17386.2
41188.3 8862.69
40444.2 9606.8
33063.9 16987.1
36676.7 13374.3
35839.8 14211.2
37324 12727
31769.7 18281.3
31051.7 18999.3
34768.8 15282.2
26407.9 23643.1
34371.8 15679.2
36094.8 13956.2
40576.3 9474.66
35131.8 14919.2
30521.6 19529.4
42073.8 7977.17
32432.6 17618.4
32817.8 17233.2
36085.9 13965.1
19001.2 31049.8
45446.5 4604.52
34784.9 15266.1
44518 5533
35042.1 15008.9
27886.8 22164.2
29674.8 20376.2
41189.1 8861.9
29791.6 20259.4
36739.6 13311.4
39874.9 10176.1
34390.9 15660.1
43789.2 6261.78
36993 13058
31044.8 19006.2
35190.6 14860.4
33817.8 16233.2
32784.6 17266.4
35520.5 14530.5
23276.5 26774.5
29967.1 20083.9
31770.6 18280.4
32006 18045
38862.3 11188.7
36295.5 13755.5
29088.2 20962.8
36915.7 13135.3
35250.7 14800.3
30049.9 20001.1
22694 27357
30552.8 19498.2
42994.3 7056.73
36778 13273
31241.4 18809.6
27343 22708
31396.1 18654.9
27398.7 22652.3
33172 16879
42056.3 7994.73
20915.5 29135.5
42099 7952.02
28788.6 21262.4
25559 24492
39545.8 10505.2
21636.4 28414.6
36546.8 13504.2
22918.5 27132.5
39475.2 10575.8
30387.7 19663.3
30052.8 19998.2
26089.9 23961.1
25946.6 24104.4
35157.7 14893.3
32002.7 18048.3
35961.4 14089.6
29891.7 20159.3
30366.4 19684.6
28553.7 21497.3
34258 15793
22885.2 27165.8
33197.2 16853.8
32373.5 17677.5
30506 19545
33350 16701
33945 16106
34672.8 15378.2
31468.9 18582.1
39307.9 10743.1
27364.7 22686.3
28825.7 21225.3
29221.4 20829.6
30483.3 19567.7
38498.1 11552.9
29699.9 20351.1
31654.8 18396.2
28285 21766
38324.1 11726.9
26982.5 23068.5
39497 10554
26896.1 23154.9
35492.6 14558.4
32905.2 17145.8
39624.9 10426.1
44437.2 5613.83
28546.8 21504.2
25472.7 24578.3
43943.4 6107.62
27962.1 22088.9
32165.7 17885.3
41055.6 8995.45
37785.7 12265.3
31422.8 18628.2
31014 19037
35601.5 14449.5
33816.3 16234.7
27056.6 22994.4
24559.3 25491.7
29422.4 20628.6
32966.7 17084.3
42716.1 7334.92
41680.1 8370.94
30052 19999
37318.8 12732.2
24617.1 25433.9
33969 16082
41853.8 8197.19
23076.7 26974.3
29367.2 20683.8
30758.5 19292.5
34936 15115
32535.4 17515.6
26012.4 24038.6
43028.1 7022.92
39300.8 10750.2
41400.5 8650.47
35735.2 14315.8
36014.9 14036.1
35792.4 14258.6
41687.2 8363.77
44186.7 5864.28
36113.9 13937.1
31721.9 18329.1
31174.1 18876.9
37868.2 12182.8
27472.5 22578.5
29311.7 20739.3
30389 19662
43267 6784.01
29936.2 20114.8
36630.1 13420.9
28576 21475
39158.8 10892.2
36993.5 13057.5
30977.9 19073.1
35756.7 14294.3
30311.3 19739.7
23895 26156
25508.5 24542.5
46207.4 3843.58
29493.3 20557.7
38332.3 11718.7
32228.6 17822.4
34196.4 15854.6
39423.9 10627.1
32220.3 17830.7
26816.3 23234.7
26278 23773
33693.8 16357.2
41274.5 8776.54
36935.8 13115.2
22132.8 27918.2
31955.8 18095.2
35581.2 14469.8
37793.8 12257.2
33565.4 16485.6
28492.8 21558.2
35650.5 14400.5
37561.7 12489.3
26047.7 24003.3
40888 9162.97
33186.2 16864.8
33261.8 16789.2
32211.4 17839.6
40634.8 9416.22
35824.3 14226.7
36080.8 13970.2
31746.9 18304.1
23881.9 26169.1
35574.9 14476.1
40035.7 10015.3
43801.6 6249.42
29184.8 20866.2
26251.1 23799.9
36925.2 13125.8
40536 9515.01
35936 14115
34832.9 15218.1
39555.8 10495.2
41987.3 8063.7
28196.4 21854.6
33358 16693
30188.1 19862.9
21614.3 28436.7
29561 20490
31892.2 18158.8
31855.7 18195.3
27825.1 22225.9
25519.1 24531.9
33926.5 16124.5
33336.2 16714.8
37432.7 12618.3
33803 16248
37491.4 12559.6
30729.7 19321.3
34841.6 15209.4
32112.5 17938.5
34107.9 15943.1
35705.4 14345.6
39007.2 11043.8
40136.3 9914.65
30761.8 19289.2
38394.1 11656.9
41590.6 8460.39
37302.5 12748.5
33726.1 16324.9
38044.7 12006.3
27719.8 22331.2
26871.1 23179.9
24747.7 25303.3
30906.3 19144.7
21364.5 28686.5
39700.6 10350.4
39528.3 10522.7
19413.8 30637.2
25489.7 24561.3
37711.6 12339.4
18280 31771
33513.2 16537.8
41656.9 8394.07
26987.4 23063.6
33391.9 16659.1
29158.7 20892.3
41526.9 8524.1
35246.6 14804.4
36538.9 13512.1
32234.1 17816.9
36397.1 13653.9
34311.5 15739.5
29256.4 20794.6
41755.7 8295.29
36476.8 13574.2
37647.7 12403.3
42367.3 7683.66
28623.3 21427.7
20256.4 29794.6
41353.7 8697.33
44683.8 5367.22
20137.2 29913.8
37821.8 12229.2
30196.4 19854.6
34056.9 15994.1
28735 21316
34497.1 15553.9
26802.9 23248.1
40274.2 9776.85
35384.3 14666.7
29786.6 20264.4
39294.4 10756.6
27931.8 22119.2
33418.9 16632.1
32739.7 17311.3
34255.8 15795.2
43518.7 6532.3
39825.9 10225.1
29177.1 20873.9
41162 8889.01
40929.1 9121.89
32332.5 17718.5
27013.6 23037.4
28479.8 21571.2
22242 27809
37328.5 12722.5
38734 11317
23873.6 26177.4
35515.9 14535.1
38615.9 11435.1
36252.9 13798.1
24883.5 25167.5
38358.5 11692.5
37218.1 12832.9
44065.6 5985.4
37655.4 12395.6
19167.6 30883.4
37852.3 12198.7
31088.3 18962.7
26195.4 23855.6
41294.7 8756.33
34600.5 15450.5
26937.3 23113.7
42556.3 7494.68
44528.7 5522.28
39571.2 10479.8
25241.7 24809.3
38904.7 11146.3
30707.2 19343.8
37141.9 12909.1
31852.3 18198.7
41309.2 8741.81
31789.9 18261.1
43278.5 6772.46
30157 19894
31935.6 18115.4
28978.3 21072.7
29720.9 20330.1
36722.6 13328.4
39124.8 10926.2
38836.3 11214.7
36248.9 13802.1
32945.6 17105.4
43979.4 6071.56
39182.1 10868.9
38631.1 11419.9
40943.2 9107.83
29170.7 20880.3
21583 28468
35164.4 14886.6
39360.8 10690.2
33513.6 16537.4
27012.3 23038.7
40278.2 9772.79
34963.7 15087.3
36306.8 13744.2
33397.2 16653.8
24465.3 25585.7
41336.3 8714.7
40748.1 9302.89
35594.9 14456.1
36802.3 13248.7
27687.1 22363.9
25993.1 24057.9
37665.1 12385.9
37869.2 12181.8
37764.4 12286.6
31841.7 18209.3
26838.9 23212.1
22323.5 27727.5
26705.6 23345.4
36417.4 13633.6
29552.1 20498.9
36526.3 13524.7
28718.4 21332.6
40241.3 9809.7
41831.9 8219.1
36179.6 13871.4
31902 18149
38307.9 11743.1
31676.9 18374.1
33829.1 16221.9
35189 14862
24731.7 25319.3
38594.1 11456.9
34765.1 15285.9
31011 19040
37014.9 13036.1
31128.4 18922.6
33716.4 16334.6
36901.4 13149.6
31659.9 18391.1
31879.8 18171.2
28024 22027
30002.9 20048.1
21467.2 28583.8
37972.2 12078.8
30808.5 19242.5
40627.7 9423.33
47072.1 2978.91
38445.6 11605.4
45007.6 5043.4
33891.8 16159.2
33007.1 17043.9
35841.6 14209.4
38144.4 11906.6
25490.3 24560.7
37139.5 12911.5
29181.8 20869.2
28742.4 21308.6
37512.7 12538.3
26816.1 23234.9
25074.3 24976.7
28619.1 21431.9
38811.9 11239.1
34688.6 15362.4
40809.3 9241.66
41187.9 8863.14
34534.3 15516.7
25726.2 24324.8
30635.8 19415.2
34885.9 15165.1
40072.3 9978.66
37231.1 12819.9
22081.3 27969.7
40188.7 9862.33
38624.5 11426.5
30336.5 19714.5
30308.6 19742.4
34331.5 15719.5
27299 22752
34002.4 16048.6
31310.4 18740.6
27874.8 22176.2
32925.1 17125.9
32242.7 17808.3
32242.9 17808.1
31909.7 18141.3
31991.2 18059.8
32185.2 17865.8
34581.5 15469.5
33833.4 16217.6
32009 18042
35703.2 14347.8
37447.9 12603.1
33827.1 16223.9
37999.1 12051.9
37044.6 13006.4
39239.8 10811.2
19583.6 30467.4
41519.4 8531.57
33781.9 16269.1
36643.9 13407.1
30344.3 19706.7
26211.4 23839.6
37806 12245
34151.9 15899.1
35676.9 14374.1
36184.5 13866.5
40204.2 9846.75
31922.5 18128.5
40641.4 9409.57
25979.2 24071.8
28818.5 21232.5
33501.8 16549.2
31533.7 18517.3
33435.3 16615.7
31505.6 18545.4
41761.1 8289.87
26815.2 23235.8
40899.6 9151.43
26242.2 23808.8
39957.1 10093.9
26891.2 23159.8
40419 9631.95
35930.5 14120.5
35040.6 15010.4
37065.9 12985.1
40685.8 9365.17
36782.1 13268.9
39177.9 10873.1
39024.6 11026.4
25564.9 24486.1
26210.7 23840.3
23519.3 26531.7
26103.3 23947.7
36643.8 13407.2
28725.8 21325.2
36861.9 13189.1
25959.6 24091.4
32863 17188
31023.1 19027.9
37416.1 12634.9
26573.8 23477.2
22929.1 27121.9
40412.4 9638.64
34562.1 15488.9
25914.7 24136.3
26902.5 23148.5
33033.5 17017.5
34188 15863
31783.1 18267.9
33361.4 16689.6
34126 15925
21678.8 28372.2
40230.4 9820.61
32655.8 17395.2
33621.3 16429.7
36637.9 13413.1
37680.9 12370.1
29877.9 20173.1
37602.6 12448.4
38466.6 11584.4
40144.4 9906.64
30417.4 19633.6
34078.7 15972.3
35068.9 14982.1
36259 13792
27441.1 22609.9
28856 21195
33253.1 16797.9
21694.3 28356.7
22537 27514
26565.5 23485.5
30622.8 19428.2
37916 12135
28514 21537
35384.2 14666.8
39579.3 10471.7
36815 13236
30254.6 19796.4
25176 24875
24751.3 25299.7
35865.5 14185.5
43070 6981.04
28791.3 21259.7
33186.7 16864.3
30573 19478
34095.6 15955.4
32012.2 18038.8
28637.5 21413.5
32251.4 17799.6
32655.7 17395.3
30698.3 19352.7
39548.4 10502.6
36468.3 13582.7
29189.9 20861.1
32757.3 17293.7
30974.4 19076.6
25212.2 24838.8
35350.5 14700.5
37512.5 12538.5
35793.3 14257.7
37854.7 12196.3
23081.1 26969.9
37560.5 12490.5
25137.1 24913.9
35344.8 14706.2
38453.7 11597.3
36437.9 13613.1
44009 6041.99
38742.2 11308.8
37121 12930
36602.1 13448.9
32849.6 17201.4
30624 19427
35239.7 14811.3
37840.1 12210.9
41400.1 8650.94
37078 12973
27758.4 22292.6
27698.8 22352.2
34353.3 15697.7
41095.2 8955.84
35391.3 14659.7
37407.8 12643.2
39191.8 10859.2
39067.7 10983.3
33844.6 16206.4
21821.3 28229.7
17841.7 32209.3
36301.6 13749.4
33928.4 16122.6
46790.3 3260.69
32220.7 17830.3
32317.8 17733.2
28416.4 21634.6
41062.9 8988.12
35293.1 14757.9
38159.8 11891.2
42349.6 7701.43
36462.1 13588.9
38838.5 11212.5
34419.7 15631.3
29257.7 20793.3
30081.7 19969.3
36836.6 13214.4
24933.4 25117.6
21841.9 28209.1
36197.2 13853.8
37530.6 12520.4
30871.3 19179.7
45950.7 4100.27
27681.7 22369.3
39016.8 11034.2
38644.2 11406.8
29033.5 21017.5
29815.5 20235.5
38139 11912
27755.7 22295.3
35874.4 14176.6
31584.4 18466.6
34788.6 15262.4
43630.1 6420.94
34764.4 15286.6
35702.5 14348.5
41570.3 8480.66
37675.8 12375.2
33170.2 16880.8
35584.2 14466.8
35463.5 14587.5
34285 15766
32390.8 17660.2
25918.7 24132.3
31579.1 18471.9
25625.2 24425.8
33524.1 16526.9
39502.3 10548.7
37752.2 12298.8
32921.7 17129.3
35481.3 14569.7
36884.1 13166.9
33625.3 16425.7
24711.9 25339.1
26396.5 23654.5
28905.6 21145.4
32171.1 17879.9
34246.9 15804.1
27596.6 22454.4
36725.9 13325.1
21557 28494
26414.1 23636.9
28437.3 21613.7
37942.2 12108.8
29362.7 20688.3
37122.1 12928.9
36886.5 13164.5
30973.2 19077.8
36917.3 13133.7
33149.3 16901.7
37875.9 12175.1
31109.2 18941.8
36958.2 13092.8
28469.3 21581.7
43531.3 6519.73
39850.8 10200.2
37737.2 12313.8
41403.7 8647.31
36430.1 13620.9
20337.6 29713.4
29632.3 20418.7
34895.3 15155.7
34679.4 15371.6
24518.1 25532.9
26793.9 23257.1
31081.3 18969.7
34681 15370
29338.7 20712.3
37615.5 12435.5
43271.1 6779.89
37094.8 12956.2
39368.7 10682.3
38440.9 11610.1
32394.9 17656.1
24186.7 25864.3
44052.5 5998.51
37061.1 12989.9
39478.1 10572.9
36283.5 13767.5
31872.9 18178.1
23211.2 26839.8
29924.6 20126.4
37989.1 12061.9
26542.2 23508.8
35212.8 14838.2
33135.6 16915.4
46818 3233.04
41825.8 8225.2
33094.9 16956.1
33173.7 16877.3
38383.5 11667.5
35089 14962
28490.5 21560.5
43524.5 6526.47
29281.1 20769.9
27314.7 22736.3
36394.6 13656.4
32833.3 17217.7
27443.5 22607.5
38113.7 11937.3
41004.5 9046.47
42559.3 7491.69
33963.1 16087.9
29445.2 20605.8
35597.6 14453.4
36455.4 13595.6
33578.2 16472.8
32995.4 17055.6
37999.8 12051.2
31990.1 18060.9
38742.3 11308.7
30712.2 19338.8
27806.8 22244.2
36122.1 13928.9
31509.9 18541.1
43018.6 7032.38
28919.2 21131.8
25354.1 24696.9
21860.8 28190.2
34840.4 15210.6
30521.8 19529.2
44956.8 5094.16
27888 22163
36939 13112
36721.2 13329.8
38925.6 11125.4
41778.1 8272.94
25861.6 24189.4
28841.1 21209.9
25489.3 24561.7
35830.6 14220.4
32879.2 17171.8
29399.2 20651.8
22261.9 27789.1
28491.2 21559.8
36543.4 13507.6
37157.4 12893.6
26087.9 23963.1
20933 29118
38180.9 11870.1
23446.6 26604.4
29974.3 20076.7
30818.5 19232.5
29397.5 20653.5
19019.6 31031.4
42784.5 7266.48
34579.8 15471.2
40071.7 9979.35
32464.2 17586.8
30879.6 19171.4
34810.2 15240.8
23591.9 26459.1
39727.2 10323.8
37679.1 12371.9
31032.5 19018.5
30669.5 19381.5
34663.7 15387.3
28778.8 21272.2
40836.8 9214.15
24014.5 26036.5
39404.7 10646.3
33416.6 16634.4
36034.3 14016.7
27939.4 22111.6
41849.6 8201.43
29052.5 20998.5
31283.6 18767.4
39387.7 10663.3
40459.2 9591.8
24933.1 25117.9
23821.3 26229.7
33733.4 16317.6
41459.8 8591.21
33249.5 16801.5
39365 10686
35513.8 14537.2
38910.5 11140.5
32413.9 17637.1
31847.7 18203.3
35084.2 14966.8
38870.3 11180.7
30170.1 19880.9
34200.6 15850.4
35946.1 14104.9
35222.3 14828.7
29288.7 20762.3
42750.6 7300.37
32987.3 17063.7
33126.7 16924.3
25658.2 24392.8
31070.5 18980.5
37528 12523
27248.3 22802.7
39061.2 10989.8
36948.1 13102.9
37125.9 12925.1
34597.9 15453.1
29111.5 20939.5
37168.2 12882.8
31962.9 18088.1
25337.8 24713.2
25815.2 24235.8
32214.7 17836.3
32449.9 17601.1
43552.4 6498.63
19938.8 30112.2
25503.6 24547.4
26431.4 23619.6
38083 11968
32471.3 17579.7
37456.5 12594.5
32915.8 17135.2
21547.3 28503.7
37475.9 12575.1
38724.8 11326.2
41373.2 8677.83
35285.7 14765.3
43391.7 6659.29
26563.5 23487.5
40325.7 9725.33
46963.5 3087.52
40699.5 9351.46
30500.2 19550.8
29688.7 20362.3
31132.4 18918.6
34855.1 15195.9
32336 17715
30644.7 19406.3
31338.7 18712.3
28579.8 21471.2
30848.9 19202.1
26498.8 23552.2
29470.1 20580.9
33367.8 16683.2
26190.8 23860.2
31202.1 18848.9
37710.8 12340.2
36236.7 13814.3
35810.8 14240.2
36682.4 13368.6
35413.3 14637.7
33446.9 16604.1
21401 28650
32071.3 17979.7
20929.5 29121.5
38574.5 11476.5
28441.9 21609.1
32257.9 17793.1
40202.4 9848.61
31897.8 18153.2
36663 13388
34744 15307
41611.8 8439.16
31840.6 18210.4
32743.3 17307.7
34200.9 15850.1
33875.1 16175.9
32289.2 17761.8
28984.3 21066.7
37874.6 12176.4
34634.8 15416.2
24703.1 25347.9
44413.2 5637.82
39809.5 10241.5
38878.6 11172.4
20889.7 29161.3
26861.7 23189.3
33672 16379
30825.2 19225.8
27996.8 22054.2
33016.4 17034.6
31359.4 18691.6
29443.3 20607.7
34997.2 15053.8
44336.7 5714.26
26203.6 23847.4
24435.1 25615.9
39611.2 10439.8
43317.9 6733.14
39561.8 10489.2
37956.9 12094.1
32002.8 18048.2
39278.6 10772.4
27317 22734
23054.5 26996.5
27121.4 22929.6
28195.9 21855.1
38978.1 11072.9
29055.9 20995.1
29415 20636
41298.4 8752.64
31045.9 19005.1
32078.7 17972.3
38579.1 11471.9
25530.1 24520.9
29368.1 20682.9
40374.7 9676.32
30782.5 19268.5
35936 14115
45058.6 4992.44
26773.4 23277.6
30922.4 19128.6
30516.1 19534.9
22789.5 27261.5
20544.6 29506.4
40302.9 9748.1
40674.3 9376.68
29193.3 20857.7
42697.3 7353.69
29695.4 20355.6
33869.4 16181.6
35597.2 14453.8
32991.1 17059.9
20638.5 29412.5
41258.1 8792.86
28960.3 21090.7
32877 17174
25263.2 24787.8
30173.1 19877.9
29387.9 20663.1
40346.5 9704.54
22923.3 27127.7
33491.6 16559.4
28920.6 21130.4
23664.4 26386.6
30200.4 19850.6
31615.5 18435.5
30483.3 19567.7
34677.9 15373.1
38908.2 11142.8
40508.2 9542.76
40087 9963.98
28866.8 21184.2
24614.3 25436.7
32776.6 17274.4
36050.2 14000.8
40198.2 9852.77
26773.9 23277.1
37832.4 12218.6
34401.9 15649.1
31584.9 18466.1
36980.2 13070.8
41179.1 8871.92
32171.4 17879.6
37008.3 13042.7
27236.6 22814.4
45010.7 5040.31
37161.3 12889.7
25362.7 24688.3
42191.5 7859.47
31948.1 18102.9
38740 11311
26626.1 23424.9
23845.3 26205.7
32513.9 17537.1
41442.6 8608.37
37006.2 13044.8
24462.9 25588.1
29795.4 20255.6
39921.7 10129.3
33119.3 16931.7
31483.3 18567.7
23656.1 26394.9
33071.5 16979.5
40433.2 9617.82
29974.1 20076.9
34498.7 15552.3
30856.8 19194.2
37794.6 12256.4
30551.4 19499.6
36167.5 13883.5
34646.5 15404.5
41171 8880.04
41926.5 8124.5
39860.5 10190.5
23440.3 26610.7
40364.8 9686.23
19517.8 30533.2
26115.6 23935.4
36276.6 13774.4
32957.3 17093.7
34605.8 15445.2
26170.5 23880.5
38504.4 11546.6
20346.3 29704.7
37501.4 12549.6
34691.6 15359.4
36893.7 13157.3
23187.2 26863.8
40299.5 9751.54
34276.4 15774.6
39421.7 10629.3
34292 15759
37472.5 12578.5
34367 15684
30357.8 19693.2
24560.7 25490.3
35005.8 15045.2
36526.6 13524.4
24636.1 25414.9
35111.3 14939.7
35017.5 15033.5
34389.7 15661.3
29118.8 20932.2
31134.7 18916.3
30697.2 19353.8
28265.1 21785.9
43999.2 6051.79
26809 23242
36489 13562
32716.8 17334.2
33181.5 16869.5
37811.6 12239.4
35282.1 14768.9
34061.7 15989.3
32019.4 18031.6
35033.9 15017.1
28316 21735
39247.1 10803.9
31003.8 19047.2
36490.8 13560.2
34078.7 15972.3
36151.9 13899.1
40963.6 9087.38
35498.6 14552.4
32571.4 17479.6
37762.6 12288.4
33996.3 16054.7
25905.4 24145.6
34648.6 15402.4
44588.1 5462.93
30782.4 19268.6
27621.9 22429.1
17884.4 32166.6
34476 15575
39911.6 10139.4
36281.9 13769.1
23844.8 26206.2
43817 6233.98
40184.6 9866.39
31854.3 18196.7
37374.7 12676.3
30723.4 19327.6
27303.8 22747.2
35326.4 14724.6
30796.3 19254.7
28383.7 21667.3
41717.2 8333.76
31305.7 18745.3
35321.8 14729.2
29666.5 20384.5
28336.1 21714.9
15445.4 34605.6
37492.5 12558.5
37270.3 12780.7
36138.6 13912.4
33934.3 16116.7
36783 13268
37421.8 12629.2
37967.9 12083.1
32411.9 17639.1
30474.2 19576.8
34551.9 15499.1
30893.5 19157.5
25896.6 24154.4
39461.2 10589.8
29274.6 20776.4
39430 10621
42084 7966.96
24864.3 25186.7
35578.5 14472.5
31435.9 18615.1
33021.8 17029.2
32771.1 17279.9
39222.3 10828.7
25193.4 24857.6
30179 19872
30096.2 19954.8
40418.7 9632.32
28356.7 21694.3
34354 15697
31771.2 18279.8
41831.3 8219.71
32365.6 17685.4
44242.7 5808.33
36533.7 13517.3
35004.4 15046.6
40301 9749.99
38098 11953
32978.2 17072.8
27875 22176
35681.7 14369.3
34404.6 15646.4
30685.6 19365.4
35491 14560
29568.2 20482.8
21739 28312
41829.7 8221.27
30033.3 20017.7
24482.1 25568.9
34166.6 15884.4
20324.6 29726.4
41704.9 8346.12
34537.1 15513.9
22874.1 27176.9
36399.3 13651.7
33189.9 16861.1
24535.8 25515.2
32772.9 17278.1
34149.4 15901.6
28326.5 21724.5
23182.2 26868.8
37738.5 12312.5
31267.6 18783.4
33695.7 16355.3
39823.8 10227.2
41374.1 8676.9
36237 13814
37883.5 12167.5
44957.4 5093.63
31505 18546
39061.2 10989.8
27258.8 22792.2
36863.3 13187.7
31386.9 18664.1
35171.1 14879.9
33969.1 16081.9
30995.1 19055.9
31667.6 18383.4
29029.6 21021.4
39521.2 10529.8
33897.6 16153.4
20928.2 29122.8
42012.7 8038.34
23552 26499
41555.6 8495.41
35221.7 14829.3
25240.9 24810.1
36311.2 13739.8
23815.4 26235.6
37424.6 12626.4
41485.4 8565.56
36038.4 14012.6
36268.8 13782.2
41579.9 8471.14
29497.1 20553.9
37660.1 12390.9
42424.1 7626.91
33288.1 16762.9
32672.9 17378.1
34113.5 15937.5
33610.5 16440.5
32009 18042
36588.5 13462.5
33945.5 16105.5
39178.1 10872.9
41341.3 8709.66
32951 17100
33097 16954
35148.8 14902.2
31235.8 18815.2
32950.5 17100.5
28457.2 21593.8
22574.9 27476.1
37571.8 12479.2
25842.6 24208.4
39873.9 10177.1
42333.7 7717.26
42972.4 7078.62
27860 22191
36366.3 13684.7
42277.4 7773.56
37787.5 12263.5
37785.1 12265.9
28277.9 21773.1
33451.4 16599.6
36844.8 13206.2
39098.1 10952.9
31857.8 18193.2
24781.5 25269.5
41818.9 8232.15
39225.8 10825.2
38873.7 11177.3
32774.5 17276.5
33799.1 16251.9
35321 14730
39054.1 10996.9
38683.2 11367.8
29893.3 20157.7
43305.3 6745.71
37623.9 12427.1
20585.6 29465.4
39268.1 10782.9
40414.5 9636.46
19998.3 30052.7
27037.8 23013.2
26447.5 23603.5
38411.4 11639.6
27130.4 22920.6
28554.3 21496.7
20083.8 29967.2
35180.1 14870.9
49008.9 1042.11
29403 20648
39406.9 10644.1
39557.8 10493.2
33256.2 16794.8
29655.2 20395.8
29379.4 20671.6
40187.4 9863.64
41657.5 8393.51
33128.5 16922.5
34106.7 15944.3
29793.4 20257.6
36775 13276
27294.4 22756.6
34480.6 15570.4
28307.9 21743.1
35714.3 14336.7
27947.5 22103.5
36916.7 13134.3
37475.3 12575.7
33552.2 16498.8
31067.6 18983.4
29968 20083
33419.8 16631.2
33165.1 16885.9
26489.9 23561.1
34846.9 15204.1
38464.2 11586.8
35236.8 14814.2
34691.5 15359.5
30421.7 19629.3
25668.1 24382.9
24756.1 25294.9
29922.4 20128.6
34333 15718
30533.6 19517.4
36516.6 13534.4
32910.2 17140.8
36586 13465
36052.7 13998.3
38109 11942
38308.2 11742.8
33983.4 16067.6
21127.3 28923.7
39665.8 10385.2
34486.2 15564.8
24608.7 25442.3
44974.4 5076.63
42120.1 7930.94
28761.8 21289.2
29673.8 20377.2
29815.4 20235.6
18662.7 31388.3
42889.5 7161.49
37668.6 12382.4
26603.2 23447.8
42877.9 7173.12
34026.1 16024.9
34432.9 15618.1
33758.5 16292.5
25135.6 24915.4
29300.7 20750.3
35099.1 14951.9
35541.4 14509.6
40643.4 9407.59
40592.9 9458.1
34302.5 15748.5
43725.2 6325.85
34583.2 15467.8
34413.2 15637.8
23180.1 26870.9
34659.7 15391.3
34742.7 15308.3
32753.8 17297.2
40244.5 9806.47
38869.4 11181.6
34883 15168
19366.3 30684.7
27915.5 22135.5
42936.3 7114.74
40459.5 9591.53
38491.6 11559.4
26398.1 23652.9
26474.8 23576.2
35548.1 14502.9
45515 4535.97
39020.6 11030.4
33941.9 16109.1
38660.9 11390.1
35964 14087
40964 9087.01
32064.5 17986.5
28874.6 21176.4
23763.8 26287.2
38653.4 11397.6
29618.5 20432.5
33943 16108
29078.6 20972.4
31808.8 18242.2
27672.1 22378.9
31059.9 18991.1
40009.2 10041.8
30638.3 19412.7
25813.4 24237.6
27468.9 22582.1
33091.5 16959.5
36633.2 13417.8
36004.7 14046.3
34887.8 15163.2
39876.6 10174.4
40533.3 9517.75
30709.7 19341.3
43582.1 6468.92
27899 22152
36498.6 13552.4
38198.5 11852.5
30336.3 19714.7
31629.8 18421.2
26166.2 23884.8
34169.8 15881.2
37117.2 12933.8
46098.8 3952.21
36375.7 13675.3
30275.8 19775.2
33284.5 16766.5
26995.4 23055.6
32066.2 17984.8
26523.7 23527.3
37446.5 12604.5
39738.1 10312.9
36915.6 13135.4
37650.7 12400.3
29961.2 20089.8
41575.7 8475.34
30153.1 19897.9
30518.4 19532.6
42692 7358.99
40872 9179.01
40316.6 9734.43
30310.1 19740.9
37350.5 12700.5
36793.5 13257.5
39340.8 10710.2
26204 23847
35574.5 14476.5
27474.4 22576.6
37025.3 13025.7
34924.3 15126.7
30280.3 19770.7
35209 14842
23659.3 26391.7
36312.4 13738.6
40864.7 9186.31
26021.3 24029.7
37121.9 12929.1
27648.7 22402.3
42203.1 7847.88
27053.1 22997.9
19737.2 30313.8
28862.1 21188.9
30843.8 19207.2
34680.9 15370.1
27408.4 22642.6
36140.3 13910.7
29646.5 20404.5
36416.9 13634.1
37493.8 12557.2
37596.8 12454.2
30015.4 20035.6
39481.5 10569.5
32350 17701
30748.5 19302.5
26019.5 24031.5
32049.8 18001.2
29859 20192
41140 8911.02
35494.1 14556.9
23496.8 26554.2
29557.6 20493.4
44083 5967.96
34986.8 15064.2
35231.9 14819.1
27677.6 22373.4
34559.8 15491.2
28425.6 21625.4
33513.3 16537.7
35111.1 14939.9
31001.4 19049.6
29439.6 20611.4
35249.7 14801.3
26109.6 23941.4
27165.3 22885.7
35333.1 14717.9
31947.6 18103.4
30472.8 19578.2
27132.3 22918.7
21751.7 28299.3
42211.7 7839.34
34790.9 15260.1
33875.1 16175.9
41611.7 8439.3
42488.8 7562.21
31737.7 18313.3
27302.3 22748.7
29511.7 20539.3
30091 19960
35849.5 14201.5
31463.9 18587.1
38980 11071
37711.1 12339.9
27512.4 22538.6
34425.1 15625.9
39559.4 10491.6
40883.8 9167.15
27805.8 22245.2
36821.4 13229.6
31740.3 18310.7
19422.7 30628.3
26154.8 23896.2
28911.6 21139.4
30051.3 19999.7
38326.6 11724.4
44357.6 5693.36
25507.2 24543.8
45194 4856.99
35913.1 14137.9
34236 15815
32399.7 17651.3
35096.3 14954.7
38932.7 11118.3
34264.3 15786.7
39678.5 10372.5
35547.5 14503.5
39843.2 10207.8
34684 15367
39347.4 10703.6
42443.1 7607.9
27404.3 22646.7
32432.1 17618.9
29461.2 20589.8
33533.6 16517.4
34782.3 15268.7
22289.8 27761.2
35676.2 14374.8
26259.8 23791.2
32535.7 17515.3
41009.6 9041.36
35663.9 14387.1
35270.1 14780.9
32604.1 17446.9
35887.4 14163.6
17692 32359
39110.5 10940.5
37144 12907
35205.4 14845.6
36164.3 13886.7
22771.4 27279.6
23697.4 26353.6
30537.2 19513.8
28307 21744
30776.3 19274.7
38338 11713
37531.1 12519.9
28731.4 21319.6
33867.3 16183.7
35988.9 14062.1
39661.7 10389.3
28194.2 21856.8
30641.6 19409.4
37897.5 12153.5
35739.6 14311.4
32181.7 17869.3
31443.9 18607.1
34262.3 15788.7
26391.7 23659.3
42968.9 7082.06
30838.1 19212.9
38710.5 11340.5
33092.3 16958.7
37299 12752
20144.8 29906.2
31993.3 18057.7
42176.7 7874.29
36062.3 13988.7
41884.1 8166.9
37357.9 12693.1
24537.9 25513.1
32749.5 17301.5
38950.4 11100.6
33526.8 16524.2
35321.3 14729.7
33011.2 17039.8
25117.1 24933.9
34249.2 15801.8
26686.4 23364.6
43540.5 6510.47
41642.5 8408.54
31140.7 18910.3
33418.4 16632.6
31859.3 18191.7
38795.9 11255.1
32888.8 17162.2
28840.3 21210.7
29038.5 21012.5
33470.4 16580.6
39577 10474
31647.6 18403.4
37231 12820
23332.9 26718.1
30381.5 19669.5
37304.4 12746.6
33237.4 16813.6
31108.2 18942.8
19984.4 30066.6
32242.1 17808.9
20229.3 29821.7
33782.8 16268.2
28561.1 21489.9
33418.9 16632.1
28440.3 21610.7
24634.7 25416.3
33838.7 16212.3
45317 4734.03
41440.2 8610.77
32000.1 18050.9
31934.7 18116.3
32579 17472
35299.1 14751.9
41369.9 8681.07
32110.3 17940.7
27839.3 22211.7
35253.1 14797.9
32080.3 17970.7
33672.1 16378.9
28516.2 21534.8
27172.4 22878.6
39726.5 10324.5
33312.8 16738.2
40060.1 9990.92
41246.2 8804.82
35133.3 14917.7
31390.2 18660.8
37591.4 12459.6
37401.8 12649.2
33149.6 16901.4
32245.4 17805.6
41707 8344.02
38617.4 11433.6
28137.6 21913.4
25445.2 24605.8
32884.6 17166.4
29071.9 20979.1
28148.8 21902.2
24678.1 25372.9
29022.7 21028.3
21209.1 28841.9
23304.7 26746.3
32555.2 17495.8
37616.5 12434.5
32772 17279
38903.4 11147.6
24920.8 25130.2
33966.5 16084.5
29865.2 20185.8
40654.1 9396.87
35916.5 14134.5
33347.3 16703.7
43569.2 6481.82
35738.4 14312.6
40584.6 9466.4
44781.8 5269.16
42534.7 7516.29
38397.2 11653.8
43482.3 6568.75
34968.4 15082.6
44463.5 5587.5
36791.7 13259.3
33463.4 16587.6
21323.6 28727.4
29662.6 20388.4
17413.4 32637.6
36247.2 13803.8
45050.2 5000.84
42456.6 7594.43
40320.7 9730.31
32417.3 17633.7
33247.9 16803.1
46759.1 3291.92
31021.4 19029.6
32940 17111
29179.5 20871.5
23760.2 26290.8
31370.2 18680.8
39106.9 10944.1
36146.3 13904.7
39958.4 10092.6
39882.3 10168.7
32410.2 17640.8
42196.7 7854.28
19943.2 30107.8
34896.3 15154.7
36152.8 13898.2
30555.6 19495.4
32122.3 17928.7
40129.3 9921.67
28796.2 21254.8
36989.1 13061.9
25857 24194
23168.9 26882.1
34793.8 15257.2
30486.3 19564.7
34057.1 15993.9
32189 17862
27075.9 22975.1
46181 3870.03
35671.8 14379.2
24478.4 25572.6
39133.5 10917.5
31584.9 18466.1
33549.3 16501.7
26609.3 23441.7
34283.7 15767.3
36795.6 13255.4
35683.5 14367.5
33818.9 16232.1
35535.5 14515.5
38683.1 11367.9
39618.8 10432.2
30257.7 19793.3
32259.8 17791.2
32374.7 17676.3
26395.2 23655.8
18530.1 31520.9
23446.8 26604.2
29396.5 20654.5
31816.4 18234.6
37788.1 12262.9
41656.8 8394.23
42981.5 7069.55
32121.3 17929.7
42709.4 7341.58
37886.6 12164.4
24734.2 25316.8
26415.7 23635.3
24767.3 25283.7
25223.3 24827.7
27295.6 22755.4
41491.5 8559.53
38025.3 12025.7
21083.8 28967.2
35674.9 14376.1
42324 7727
33419.8 16631.2
31521.8 18529.2
41883.3 8167.66
43658.5 6392.48
32610.3 17440.7
37418.3 12632.7
20235.8 29815.2
37143.9 12907.1
37276.4 12774.6
26855.5 23195.5
33088.5 16962.5
29024.5 21026.5
43689.5 6361.53
25861.1 24189.9
20810.1 29240.9
28371.1 21679.9
32317.2 17733.8
25952.3 24098.7
33518.8 16532.2
34579.9 15471.1
38388.9 11662.1
44134.4 5916.59
30006.6 20044.4
35445 14606
32087.4 17963.6
32831.5 17219.5
29403.5 20647.5
25523.7 24527.3
26697.5 23353.5
33172.7 16878.3
25827.6 24223.4
35286.2 14764.8
40758.2 9292.79
36032 14019
36935.6 13115.4
24087.8 25963.2
23537.9 26513.1
29559.4 20491.6
37112.5 12938.5
34081.7 15969.3
42398.4 7652.58
23683.7 26367.3
34790.3 15260.7
30822.2 19228.8
33775.6 16275.4
31877.4 18173.6
33929.7 16121.3
34012.7 16038.3
23884.5 26166.5
30092.1 19958.9
22709 27342
38993.8 11057.2
31081.3 18969.7
33801.2 16249.8
28881.4 21169.6
32622 17429
42130.9 7920.11
26241.7 23809.3
32860.7 17190.3
25584.7 24466.3
31730.7 18320.3
34880 15171
27867.2 22183.8
22490.8 27560.2
36921.4 13129.6
29048.2 21002.8
31942.3 18108.7
39802.3 10248.7
27976.8 22074.2
41477.8 8573.23
38444.2 11606.8
39716.6 10334.4
33103.5 16947.5
34304.7 15746.3
27130.3 22920.7
25732.7 24318.3
39880.1 10170.9
40548.1 9502.93
46130.2 3920.77
23254.4 26796.6
39999.7 10051.3
38189.6 11861.4
36530 13521
31721.7 18329.3
33760 16291
32962.9 17088.1
39925.6 10125.4
45090.5 4960.51
37966.4 12084.6
34780 15271
34088.5 15962.5
30203.6 19847.4
39821.3 10229.7
37343.1 12707.9
21324.8 28726.2
34986.1 15064.9
33420.4 16630.6
37280.1 12770.9
34775.2 15275.8
35968.6 14082.4
30330.4 19720.6
36940.7 13110.3
33917.6 16133.4
36551.5 13499.5
37561.9 12489.1
28845.9 21205.1
35392.7 14658.3
34190.5 15860.5
27671.8 22379.2
30587.9 19463.1
31387.7 18663.3
33283 16768
32395.5 17655.5
27977.6 22073.4
30180.9 19870.1
32402.2 17648.8
26246.1 23804.9
40290.5 9760.47
36877.4 13173.6
35891.1 14159.9
35949 14102
37822.9 12228.1
33650.4 16400.6
37732.4 12318.6
39968.6 10082.4
34960.8 15090.2
40940.4 9110.63
41440.2 8610.82
35466.3 14584.7
39582 10469
38059.6 11991.4
36788.9 13262.1
31450.6 18600.4
38755.6 11295.4
26050.1 24000.9
27524 22527
37019.3 13031.7
23042.8 27008.2
37909.8 12141.2
29579.1 20471.9
27410 22641
35152.1 14898.9
33465 16586
31906.5 18144.5
35806.1 14244.9
34882.4 15168.6
36081.7 13969.3
34736.1 15314.9
41061.2 8989.85
35469.5 14581.5
32236.5 17814.5
21370.2 28680.8
29572.4 20478.6
24672.9 25378.1
39760.4 10290.6
28684.9 21366.1
38629.2 11421.8
33004.8 17046.2
40123.3 9927.74
39551.8 10499.2
28892.2 21158.8
40238.2 9812.77
41964.8 8086.16
38809.5 11241.5
30333.7 19717.3
36333.1 13717.9
33520.3 16530.7
35092.8 14958.2
34608.7 15442.3
40489 9562.02
44092.6 5958.41
33352.5 16698.5
46534 3516.99
35642 14409
37156.1 12894.9
37357.5 12693.5
23273.6 26777.4
34427.4 15623.6
42738.3 7312.68
37450.9 12600.1
27886.9 22164.1
34240.2 15810.8
34395.7 15655.3
26217.9 23833.1
32253.2 17797.8
34675 15376
32986.1 17064.9
33955.1 16095.9
29602.9 20448.1
32566.9 17484.1
35738 14313
36303 13748
35242.2 14808.8
37559.6 12491.4
38021.3 12029.7
39946.3 10104.7
29330.5 20720.5
23165.1 26885.9
32128.7 17922.3
28708.7 21342.3
42148 7903.04
38979 11072
32478.3 17572.7
33212.2 16838.8
41303.2 8747.85
24216.2 25834.8
37880.7 12170.3
33661.4 16389.6
42863.8 7187.22
41630.4 8420.56
28253.4 21797.6
42034.1 8016.91
27801.4 22249.6
30047.9 20003.1
31415.2 18635.8
38274.4 11776.6
26468.1 23582.9
39344.9 10706.1
29940 20111
22876.4 27174.6
39111.8 10939.2
31468.3 18582.7
30214.2 19836.8
37373.2 12677.8
38971.5 11079.5
37388.9 12662.1
34428.6 15622.4
35006.2 15044.8
34199.6 15851.4
34501 15550
27121.1 22929.9
31009.8 19041.2
32952.7 17098.3
34307.8 15743.2
14568.4 35482.6
34050.3 16000.7
44711.2 5339.85
30557.5 19493.5
19019.4 31031.6
32895 17156
43101.9 6949.09
27933.6 22117.4
32859 17192
32075.3 17975.7
37506 12545
27568.4 22482.6
36151.1 13899.9
40178.5 9872.53
39183.1 10867.9
34859.6 15191.4
30645.5 19405.5
43914.4 6136.62
29025.9 21025.1
25985 24066
20839.1 29211.9
36060.1 13990.9
28105.4 21945.6
38476.5 11574.5
27645.7 22405.3
25150.9 24900.1
42460 7591.01
20023.6 30027.4
33168.4 16882.6
33743.8 16307.2
37429.8 12621.2
40195.2 9855.78
24749 25302
39399.6 10651.4
44281.3 5769.72
42509.4 7541.57
35051.6 14999.4
40331.4 9719.63
33424.7 16626.3
33464.5 16586.5
29556.9 20494.1
33939.1 16111.9
39354.2 10696.8
29172.8 20878.2
32875.3 17175.7
40407.2 9643.78
31942.9 18108.1
43828.3 6222.69
26167.9 23883.1
24375.8 25675.2
30387.7 19663.3
37779.3 12271.7
41005.5 9045.46
37537 12514
37045.8 13005.2
34263 15788
31791.3 18259.7
33299.9 16751.1
25275.3 24775.7
36791.5 13259.5
36926.9 13124.1
25567.3 24483.7
28496.5 21554.5
29854.3 20196.7
40720.7 9330.32
27922.5 22128.5
28589.8 21461.2
41680.3 8370.72
38646.1 11404.9
35167.7 14883.3
38024.4 12026.6
37613.6 12437.4
39642.5 10408.5
34609 15442
44777.8 5273.24
38802.6 11248.4
33444.4 16606.6
23504.5 26546.5
41596.7 8454.35
34626.5 15424.5
32865.5 17185.5
41211.6 8839.36
26317.3 23733.7
35180.4 14870.6
38145.8 11905.2
25247.2 24803.8
30410.5 19640.5
38575.2 11475.8
31716.5 18334.5
38942.5 11108.5
45111.3 4939.75
30530.2 19520.8
24689.5 25361.5
32972.7 17078.3
31207.3 18843.7
39020.1 11030.9
35191.1 14859.9
36158.6 13892.4
41510.7 8540.3
33018.8 17032.2
24188.5 25862.5
33071.9 16979.1
28923.8 21127.2
33205.7 16845.3
35954.1 14096.9
33468.9 16582.1
30767.8 19283.2
40776.1 9274.87
38476.6 11574.4
25465.6 24585.4
38147.1 11903.9
23272.9 26778.1
31247.2 18803.8
34904.2 15146.8
42276.1 7774.89
24370.7 25680.3
32855.8 17195.2
40714.5 9336.48
39789.4 10261.6
31017.9 19033.1
19057.9 30993.1
26805.7 23245.3
44324 5726.98
22835.9 27215.1
21320.3 28730.7
39937.1 10113.9
33298.1 16752.9
30980.5 19070.5
35964.2 14086.8
26784.5 23266.5
44581.6 5469.37
34428.1 15622.9
33485.8 16565.2
34805.3 15245.7
31542.1 18508.9
27208.6 22842.4
30058.2 19992.8
33007.3 17043.7
33846.2 16204.8
38043.7 12007.3
27454.1 22596.9
39953.8 10097.2
39011.4 11039.6
30797 19254
37496.9 12554.1
24567.6 25483.4
40742.5 9308.51
35444.4 14606.6
31231.6 18819.4
27399.8 22651.2
26115.5 23935.5
36963.5 13087.5
44724.6 5326.41
31759.9 18291.1
25668.8 24382.2
27166.1 22884.9
24724.5 25326.5
35904.6 14146.4
42650.3 7400.67
34520.4 15530.6
30485.3 19565.7
38269.4 11781.6
42960.7 7090.33
28710.9 21340.1
43645.2 6405.78
34224.4 15826.6
36049.8 14001.2
32164.6 17886.4
39944.8 10106.2
29115.5 20935.5
30757.3 19293.7
28107.7 21943.3
38811 11240
40037 10014
29198.4 20852.6
41073.6 8977.38
35696.8 14354.2
45419.9 4631.13
34475.2 15575.8
35718.5 14332.5
32498.5 17552.5
26122.8 23928.2
31008.9 19042.1
27019.5 23031.5
35709.2 14341.8
43278.3 6772.72
41863.3 8187.7
38941.5 11109.5
36996.5 13054.5
32139.4 17911.6
40035.3 10015.7
25336.9 24714.1
32893.6 17157.4
34904.7 15146.3
36063.5 13987.5
29729 20322
36508.7 13542.3
36749.5 13301.5
35218.9 14832.1
31336 18715
37864.4 12186.6
25650.4 24400.6
37192.6 12858.4
25375.7 24675.3
22216.3 27834.7
33018.5 17032.5
37466.6 12584.4
29003.9 21047.1
41993.8 8057.2
35388.8 14662.2
30883.4 19167.6
34623.6 15427.4
43327.8 6723.17
37895.5 12155.5
27906.7 22144.3
30184.7 19866.3
29194.5 20856.5
36473.8 13577.2
35480.2 14570.8
24181.7 25869.3
37226.2 12824.8
31185.1 18865.9
31768.4 18282.6
30523.1 19527.9
31856.6 18194.4
31666.3 18384.7
35743.7 14307.3
36021.6 14029.4
41134.1 8916.9
26796.7 23254.3
36992.8 13058.2
24989 25062
36505 13546
32876.4 17174.6
30832 19219
38188 11863
26351.2 23699.8
41648.1 8402.9
27962.6 22088.4
28614.5 21436.5
26966.3 23084.7
25211.5 24839.5
32119.7 17931.3
22612.5 27438.5
35892.7 14158.3
39989.7 10061.3
32279 17772
35253.3 14797.7
28200.8 21850.2
28306.1 21744.9
44249.6 5801.36
27668.2 22382.8
31741.4 18309.6
31534 18517
37075.5 12975.5
29845.2 20205.8
27711.3 22339.7
39269.8 10781.2
28467.5 21583.5
36862.8 13188.2
37613.4 12437.6
33824 16227
33890.6 16160.4
34033.3 16017.7
33715.3 16335.7
37041.6 13009.4
29837.6 20213.4
43168.3 6882.74
37811.4 12239.6
25958.1 24092.9
39996.9 10054.1
36078 13973
35365.2 14685.8
32917.2 17133.8
33350.3 16700.7
38781.2 11269.8
34759.3 15291.7
34486.9 15564.1
38837.6 11213.4
28326.8 21724.2
35556.4 14494.6
40954.8 9096.16
37199.7 12851.3
35141.7 14909.3
26752.4 23298.6
32012.9 18038.1
41823.4 8227.58
38613.4 11437.6
35499.9 14551.1
34566.4 15484.6
17858.4 32192.6
39118.3 10932.7
43039 7011.97
28315.2 21735.8
34456.2 15594.8
28373 21678
41068.5 8982.47
41180.4 8870.62
37019.3 13031.7
34161.2 15889.8
34712.2 15338.8
20440.2 29610.8
28845.4 21205.6
35952.7 14098.3
38489.4 11561.6
34717.3 15333.7
39678.2 10372.8
30158.5 19892.5
34754.9 15296.1
28346.8 21704.2
35930.2 14120.8
34637.7 15413.3
41917.8 8133.19
33297.6 16753.4
27344 22707
34138.1 15912.9
37743.1 12307.9
32639.8 17411.2
18712.5 31338.5
34830.4 15220.6
31215 18836
20500.3 29550.7
30167.7 19883.3
37011.8 13039.2
42829.4 7221.59
28476.9 21574.1
32091.1 17959.9
27552.8 22498.2
36054.8 13996.2
44468.4 5582.64
30537.3 19513.7
28004.8 22046.2
35701.6 14349.4
26498.2 23552.8
21656.5 28394.5
33282.7 16768.3
25138.8 24912.2
35300.5 14750.5
32011 18040
32648.9 17402.1
35781 14270
37814 12237
31809.1 18241.9
33702.9 16348.1
34463.3 15587.7
32336.3 17714.7
23352 26699
25975 24076
34502.1 15548.9
21771.4 28279.6
34055.1 15995.9
30938.9 19112.1
37597.5 12453.5
29427.9 20623.1
40954.3 9096.66
33654.7 16396.3
40620.5 9430.48
30370.5 19680.5
34088.6 15962.4
29135.2 20915.8
38316.9 11734.1
29703.9 20347.1
37388.4 12662.6
28026.9 22024.1
39710 10341
21932.6 28118.4
31932.4 18118.6
40054.1 9996.92
32266.1 17784.9
32202.5 17848.5
36021.9 14029.1
41057.7 8993.32
31114.8 18936.2
28595.2 21455.8
40473.6 9577.42
32603.8 17447.2
32976.9 17074.1
30497.5 19553.5
34391.8 15659.2
42540.9 7510.11
38115.1 11935.9
27527.6 22523.4
26860.9 23190.1
40406.5 9644.46
37684.3 12366.7
36635.3 13415.7
36198.8 13852.2
43649.3 6401.71
30602.6 19448.4
34591 15460
34173.9 15877.1
35631.6 14419.4
38330.1 11720.9
34081.2 15969.8
40033.4 10017.6
31312.9 18738.1
30189.5 19861.5
34784.9 15266.1
33720.3 16330.7
31836.3 18214.7
29456.2 20594.8
38285.3 11765.7
35669.5 14381.5
31987 18064
35610.9 14440.1
34532 15519
34002.7 16048.3
19698.9 30352.1
34292 15759
34154.8 15896.2
37350.3 12700.7
41864 8186.98
21444.3 28606.7
31609.7 18441.3
34335.9 15715.1
40087.7 9963.34
37261.6 12789.4
36766.6 13284.4
36368 13683
33671 16380
32846.2 17204.8
28395.6 21655.4
29025.8 21025.2
47127.3 2923.73
35352.9 14698.1
41655.6 8395.42
32985.5 17065.5
31833.1 18217.9
30662.6 19388.4
32336.1 17714.9
39336.3 10714.7
34211.6 15839.4
29602.8 20448.2
41736.6 8314.37
28126 21925
26426 23625
41191.3 8859.68
38617.1 11433.9
44253.6 5797.43
31478.3 18572.7
34198.3 15852.7
32034.4 18016.6
29147.9 20903.1
27769.6 22281.4
43709.5 6341.48
35141.8 14909.2
40906.5 9144.48
23158.1 26892.9
39843.3 10207.7
26688.5 23362.5
37852.9 12198.1
36967 13084
38152.2 11898.8
32016.6 18034.4
36117.8 13933.2
26630.4 23420.6
29903.6 20147.4
32183.6 17867.4
37148.1 12902.9
36175.6 13875.4
37114.2 12936.8
28540.9 21510.1
34801.1 15249.9
37722.3 12328.7
36161.4 13889.6
38644.1 11406.9
29610 20441
38317.6 11733.4
24326.5 25724.5
25254 24797
39364.4 10686.6
30213.4 19837.6
22520.4 27530.6
42485.2 7565.82
25083.4 24967.6
37473.6 12577.4
35810.8 14240.2
33632.9 16418.1
26261.7 23789.3
39923 10128
30064.9 19986.1
28179 21872
31590.9 18460.1
30674.2 19376.8
33704.3 16346.7
30809.2 19241.8
27699.5 22351.5
42083.6 7967.4
28973.2 21077.8
28676.1 21374.9
32938.5 17112.5
41493.9 8557.12
42208.3 7842.75
27690.9 22360.1
29349.3 20701.7
37609.9 12441.1
40044.7 10006.3
31277.9 18773.1
26833.2 23217.8
39206.8 10844.2
27644 22407
41924 8127.03
27011.8 23039.2
29998.9 20052.1
33215.7 16835.3
29493.9 20557.1
31081.4 18969.6
33558.4 16492.6
31681.1 18369.9
32791 17260
37197.4 12853.6
41066.7 8984.33
46224.1 3826.91
35195.4 14855.6
21625.7 28425.3
33623 16428
30512.2 19538.8
23914 26137
28359.5 21691.5
33007.9 17043.1
35809.9 14241.1
31988.3 18062.7
33680 16371
34850.5 15200.5
38757.3 11293.7
42638.2 7412.83
30765.1 19285.9
30433.6 19617.4
35072.2 14978.8
37974.2 12076.8
29995 20056
38853.5 11197.5
27471.8 22579.2
28184.9 21866.1
37893.7 12157.3
48981.9 1069.15
35009.5 15041.5
25641.6 24409.4
25830.1 24220.9
33102.2 16948.8
46251.5 3799.51
40447 9603.96
39408.5 10642.5
32824.2 17226.8
33004.9 17046.1
29551.9 20499.1
41120.4 8930.61
38870 11181
36040 14011
26671.4 23379.6
27400.8 22650.2
36802.6 13248.4
26602.8 23448.2
43103.3 6947.71
35312.2 14738.8
41239.3 8811.66
33272.9 16778.1
38180.8 11870.2
34103.8 15947.2
26970.3 23080.7
27323.5 22727.5
29596 20455
42170.6 7880.43
20522.6 29528.4
33529 16522
31088.2 18962.8
35526.8 14524.2
40634 9417.01
29711.4 20339.6
33515.9 16535.1
25508.5 24542.5
23497.3 26553.7
28813.3 21237.7
35177.6 14873.4
31405.9 18645.1
36561.4 13489.6
30261.3 19789.7
29456.9 20594.1
24397.8 25653.2
36218.2 13832.8
25477.9 24573.1
40277.8 9773.17
40612.9 9438.06
43739.4 6311.6
33601.7 16449.3
27823.3 22227.7
23619.8 26431.2
27798.5 22252.5
31519.2 18531.8
33120.5 16930.5
31124.4 18926.6
38109 11942
38237.6 11813.4
43621.7 6429.28
44391.7 5659.29
38680 11371
44886 5165.03
19813 30238
30387.2 19663.8
24747.7 25303.3
23773.8 26277.2
31295.6 18755.4
27460.9 22590.1
34116.1 15934.9
44506 5545.04
32035.9 18015.1
30903.5 19147.5
36721.8 13329.2
38071.5 11979.5
34424 15627
36172.5 13878.5
36447 13604
31011.9 19039.1
33760.1 16290.9
42429.1 7621.92
44014.4 6036.6
39828.6 10222.4
36126.8 13924.2
25855 24196
24885 25166
40419.1 9631.92
22868.1 27182.9
22954.6 27096.4
35888 14163
27033.9 23017.1
40394.9 9656.06
35811 14240
29935 20116
33374.8 16676.2
31852 18199
26226.2 23824.8
31780.8 18270.2
39347.6 10703.4
19583.2 30467.8
22107 27944
38778.4 11272.6
30729.8 19321.2
31404.9 18646.1
38996.3 11054.7
44433.1 5617.91
36416.8 13634.2
24600.1 25450.9
27714.9 22336.1
37213.7 12837.3
32681.5 17369.5
32420.1 17630.9
38144 11907
33312.6 16738.4
30523 19528
24243.3 25807.7
38423.4 11627.6
21294.2 28756.8
24647.9 25403.1
40841.5 9209.5
36836.6 13214.4
28662.9 21388.1
32753.4 17297.6
35121 14930
34759.7 15291.3
28351.6 21699.4
31147.7 18903.3
38338.4 11712.6
24748.3 25302.7
40465.3 9585.75
39073.2 10977.8
34375.6 15675.4
37625.8 12425.2
30564.6 19486.4
29456.5 20594.5
19147.4 30903.6
36165.8 13885.2
43812.4 6238.58
31600 18451
37675.8 12375.2
36157.2 13893.8
30228.7 19822.3
44483.3 5567.66
36012.5 14038.5
31924 18127
21667.6 28383.4
25313.3 24737.7
38059.8 11991.2
34482 15569
20670.9 29380.1
24974.3 25076.7
38412.8 11638.2
22995.8 27055.2
29820.8 20230.2
37559.3 12491.7
26436.7 23614.3
39035 11016
33720.1 16330.9
38561.8 11489.2
41321.1 8729.91
42031.5 8019.49
30678.9 19372.1
34792.6 15258.4
32278.1 17772.9
30247.7 19803.3
39970.5 10080.5
38204 11847
35148.8 14902.2
37939.6 12111.4
38581.6 11469.4
25574.4 24476.6
24951.5 25099.5
25004.9 25046.1
33166.4 16884.6
37063.3 12987.7
24355.2 25695.8
35489.7 14561.3
26678.7 23372.3
28784.4 21266.6
27277.4 22773.6
35414.4 14636.6
34907.8 15143.2
23898 26153
40013.4 10037.6
39909.6 10141.4
39535 10516
42554.8 7496.18
31067.7 18983.3
38622.7 11428.3
38198.2 11852.8
30269.8 19781.2
38165.3 11885.7
26900 23151
39939 10112
21953.8 28097.2
34124.6 15926.4
39623.9 10427.1
29404.2 20646.8
27851.7 22199.3
36468.8 13582.2
26972 23079
33412.7 16638.3
42927 7124.04
27025.3 23025.7
31313.2 18737.8
36753 13298
39826.3 10224.7
32265.4 17785.6
28269.3 21781.7
35812.2 14238.8
43756.9 6294.14
34321.8 15729.2
35071.9 14979.1
32521.9 17529.1
24723 25328
30340.6 19710.4
34321.4 15729.6
40653.4 9397.6
39992.6 10058.4
41703.8 8347.16
35850.6 14200.4
33564.8 16486.2
30839.6 19211.4
29281.5 20769.5
32520.5 17530.5
20968.5 29082.5
39336.3 10714.7
34849.7 15201.3
32945.5 17105.5
24058.6 25992.4
30141.3 19909.7
30780.4 19270.6
38815.7 11235.3
42491.8 7559.25
37831.6 12219.4
29860.1 20190.9
34152.7 15898.3
21571.2 28479.8
36812 13239
41401.5 8649.51
31665.2 18385.8
35422.4 14628.6
30781 19270
27450.8 22600.2
34698.5 15352.5
34641 15410
38547.2 11503.8
24063.2 25987.8
38150.7 11900.3
37778.1 12272.9
31441 18610
38098.3 11952.7
31988.3 18062.7
33274.3 16776.7
37417.7 12633.3
32949.3 17101.7
38884.7 11166.3
37037.8 13013.2
38992.7 11058.3
43451.1 6599.92
35058.6 14992.4
22661.7 27389.3
41984.4 8066.56
39341.1 10709.9
38193.1 11857.9
33439.3 16611.7
21850.2 28200.8
21436.8 28614.2
35121.2 14929.8
27878.1 22172.9
45879.7 4171.3
30739.1 19311.9
28520.9 21530.1
35548.9 14502.1
35822 14229
25348.1 24702.9
36308 13743
33212 16839
40581.1 9469.87
26072.5 23978.5
25604.6 24446.4
35961.8 14089.2
37012.6 13038.4
37967.8 12083.2
37028.1 13022.9
36773 13278
35696.3 14354.7
30207.4 19843.6
34035.2 16015.8
31504.4 18546.6
44541.3 5509.7
29497 20554
31714.2 18336.8
28200.2 21850.8
36304.9 13746.1
26484.4 23566.6
43979.8 6071.24
38552.7 11498.3
34756.2 15294.8
36461.4 13589.6
38630.3 11420.7
31863.9 18187.1
32286.6 17764.4
32396 17655
44058.2 5992.85
37388.7 12662.3
36576.7 13474.3
40159.7 9891.27
32177 17874
36551.1 13499.9
33970.2 16080.8
41566.1 8484.85
32348.9 17702.1
30001.3 20049.7
34424.5 15626.5
36333.8 13717.2
34295.9 15755.1
33844.2 16206.8
34244.9 15806.1
31430.8 18620.2
32162.6 17888.4
32812.6 17238.4
29590.2 20460.8
27915.4 22135.6
39936.2 10114.8
30573.6 19477.4
31206.5 18844.5
35181.6 14869.4
33785 16266
29649.4 20401.6
35661.3 14389.7
29864.6 20186.4
22700.6 27350.4
36643.2 13407.8
36905.7 13145.3
29687.6 20363.4
29607.3 20443.7
27278.6 22772.4
35139.3 14911.7
35167.7 14883.3
32906.6 17144.4
28055.5 21995.5
34601.2 15449.8
41865 8185.98
36203.1 13847.9
30844.1 19206.9
35715 14336
36147.8 13903.2
32970.7 17080.3
36385.7 13665.3
25850.1 24200.9
39517.4 10533.6
25913.4 24137.6
29849.5 20201.5
31893.3 18157.7
41033.3 9017.71
32135 17916
36856.8 13194.2
34091.4 15959.6
34089.3 15961.7
39640.8 10410.2
20866.6 29184.4
33288 16763
33081.3 16969.7
40289.4 9761.56
31861.6 18189.4
38191.3 11859.7
29941.2 20109.8
25634.4 24416.6
31054.9 18996.1
25956.8 24094.2
31420.2 18630.8
36218.2 13832.8
22850.3 27200.7
34023.6 16027.4
38832.2 11218.8
36408.7 13642.3
23940.5 26110.5
38049.9 12001.1
28677 21374
26677.7 23373.3
32433.3 17617.7
29306 20745
38366.9 11684.1
32176.7 17874.3
39985.1 10065.9
25702.1 24348.9
39269.1 10781.9
34267.1 15783.9
37675.8 12375.2
38173.2 11877.8
30874.4 19176.6
22577.8 27473.2
28788.3 21262.7
39892.9 10158.1
26870.4 23180.6
40391.8 9659.19
40588.3 9462.69
32967.5 17083.5
29650.5 20400.5
42570.8 7480.15
25488.6 24562.4
36574 13477
40602 9449
39614.7 10436.3
24196.3 25854.7
31596.7 18454.3
41996.3 8054.7
26247.5 23803.5
30732.6 19318.4
42655.5 7395.5
36370.2 13680.8
31146.4 18904.6
35476.1 14574.9
27173.9 22877.1
34824.9 15226.1
29373.8 20677.2
30271.1 19779.9
31749.3 18301.7
31319.9 18731.1
35879.9 14171.1
32067.5 17983.5
32231.6 17819.4
25484.5 24566.5
31321.9 18729.1
36987.4 13063.6
32952.5 17098.5
33305.5 16745.5
41945.8 8105.19
32813.8 17237.2
38626.9 11424.1
24239.3 25811.7
30416.9 19634.1
38271 11780
26169.6 23881.4
19062.4 30988.6
21130 28921
37303.6 12747.4
33601.7 16449.3
36745.8 13305.2
34987.1 15063.9
31523.8 18527.2
22983.8 27067.2
40633.4 9417.63
21677.3 28373.7
29602.9 20448.1
34062.8 15988.2
36879.8 13171.2
32682.1 17368.9
39740.8 10310.2
41014.6 9036.44
28840.7 21210.3
33816.6 16234.4
24714.9 25336.1
37952.5 12098.5
39863.9 10187.1
32171.7 17879.3
38275.8 11775.2
35300.8 14750.2
22053.6 27997.4
41473.1 8577.87
33853.4 16197.6
27439 22612
38428.9 11622.1
42324.6 7726.35
25116.7 24934.3
29180 20871
27689.6 22361.4
32036.5 18014.5
34627.3 15423.7
29716.6 20334.4
38571.7 11479.3
40386.8 9664.23
25993.2 24057.8
36914.3 13136.7
40356.8 9694.19
36874.1 13176.9
27825.6 22225.4
37246.9 12804.1
32319.1 17731.9
32031.2 18019.8
34185.2 15865.8
38604.1 11446.9
31634.9 18416.1
31738.3 18312.7
36583.3 13467.7
38262.2 11788.8
35385.5 14665.5
28583.1 21467.9
34891.3 15159.7
30349.4 19701.6
36864.3 13186.7
31860.2 18190.8
38414.3 11636.7
37963.5 12087.5
34853.3 15197.7
26476.2 23574.8
33744.8 16306.2
38837.6 11213.4
27649.9 22401.1
35524.7 14526.3
37725.9 12325.1
29431.9 20619.1
40691.1 9359.9
36236.4 13814.6
36215.5 13835.5
44904 5147.03
28224 21827
28811.7 21239.3
40506.4 9544.63
25618 24433
36619.8 13431.2
36971.3 13079.7
32132.5 17918.5
33869.4 16181.6
34031.9 16019.1
30742.1 19308.9
30822 19229
20151.8 29899.2
30436.5 19614.5
26924.6 23126.4
41350.1 8700.92
39445.7 10605.3
37716.2 12334.8
33036.8 17014.2
44968.4 5082.59
37644.8 12406.2
33835.2 16215.8
32754.7 17296.3
35500 14551
39894.3 10156.7
39334.9 10716.1
30272.4 19778.6
31072.2 18978.8
25711.6 24339.4
30933.4 19117.6
35089.8 14961.2
35138.9 14912.1
31644 18407
39186.1 10864.9
36027.2 14023.8
25840 24211
32969.4 17081.6
15605.4 34445.6
40284.1 9766.87
32611.3 17439.7
33159.2 16891.8
40647 9404.01
41275.9 8775.1
18501.2 31549.8
35058.2 14992.8
36278.5 13772.5
29642.5 20408.5
19455.3 30595.7
35113.8 14937.2
32223.8 17827.2
39736.8 10314.2
28254.5 21796.5
33512.2 16538.8
37274.4 12776.6
37425.9 12625.1
42837 7214.01
29404.5 20646.5
40264.7 9786.29
24294.2 25756.8
23439.2 26611.8
39357 10694
22210.4 27840.6
33691.7 16359.3
27429.3 22621.7
27318.6 22732.4
35283.7 14767.3
36491.6 13559.4
28099.3 21951.7
34247.3 15803.7
34663.7 15387.3
39119 10932
44497.9 5553.06
43512.6 6538.45
16460.4 33590.6
32523.8 17527.2
33786.9 16264.1
35281.2 14769.8
28831.4 21219.6
28650.5 21400.5
37453.3 12597.7
39225 10826
36090.7 13960.3
32409.4 17641.6
18761.4 31289.6
21043.6 29007.4
38717.4 11333.6
31846.5 18204.5
29469.2 20581.8
22623.3 27427.7
23260.6 26790.4
38851.5 11199.5
35555.6 14495.4
35996.7 14054.3
33054.6 16996.4
32651.8 17399.2
27671.8 22379.2
34520.8 15530.2
27974.3 22076.7
37551.6 12499.4
38973.7 11077.3
37847.7 12203.3
34028.8 16022.2
40894.9 9156.14
37098.5 12952.5
41830.1 8220.92
36439.4 13611.6
36510.4 13540.6
33978.1 16072.9
33729.3 16321.7
26993.8 23057.2
24376.1 25674.9
31939.9 18111.1
31322 18729
34048.6 16002.4
25735.9 24315.1
34752.2 15298.8
36989.9 13061.1
38011.3 12039.7
32681.9 17369.1
41212.6 8838.43
39337.8 10713.2
36942.4 13108.6
34650.1 15400.9
29392.4 20658.6
42536.6 7514.4
37404.2 12646.8
42159.6 7891.36
40393.3 9657.66
34398.5 15652.5
38268 11783
39006.5 11044.5
35035.7 15015.3
35849.7 14201.3
32266.9 17784.1
30511.5 19539.5
32566 17485
27817.6 22233.4
41267.5 8783.55
25116.8 24934.2
37700 12351
28788.4 21262.6
29036.7 21014.3
38286.2 11764.8
23626 26425
41361.2 8689.75
34048.4 16002.6
22881.9 27169.1
32303.7 17747.3
28926.8 21124.2
28220.7 21830.3
36772.5 13278.5
28661.1 21389.9
32999 17052
43361.1 6689.9
23033.2 27017.8
27797.7 22253.3
35820.6 14230.4
36666.5 13384.5
26209.6 23841.4
26405.7 23645.3
38421 11630
28721.9 21329.1
27194.2 22856.8
32170.5 17880.5
36035 14016
29664.5 20386.5
38239.4 11811.6
33329.9 16721.1
28644.2 21406.8
36609.9 13441.1
30790.9 19260.1
35837.4 14213.6
41455.4 8595.62
26547.8 23503.2
27958.5 22092.5
41016.1 9034.93
37679.6 12371.4
33726.2 16324.8
34013.7 16037.3
32989.5 17061.5
38049.9 12001.1
36184.5 13866.5
36780.2 13270.8
38215.6 11835.4
32365.6 17685.4
43242.4 6808.6
29911.3 20139.7
38405 11646
33432.2 16618.8
35671.4 14379.6
28441.6 21609.4
41414.8 8636.16
40795.7 9255.33
38207.8 11843.2
32599.3 17451.7
26704.9 23346.1
21057.8 28993.2
37107.5 12943.5
18508.3 31542.7
45014.3 5036.67
33637.7 16413.3
39117.9 10933.1
40643.1 9407.85
34289 15762
27348.2 22702.8
27898.8 22152.2
42286.3 7764.68
34405.1 15645.9
33170.1 16880.9
28165.1 21885.9
43370.2 6680.81
27339.6 22711.4
27990 22061
33978.8 16072.2
23384.2 26666.8
25605.6 24445.4
22388.5 27662.5
36482.7 13568.3
24800.1 25250.9
36880.5 13170.5
22566.5 27484.5
33728.8 16322.2
27680.6 22370.4
18772.2 31278.8
40103.2 9947.76
41163.7 8887.31
37028.2 13022.8
36116.8 13934.2
35576.2 14474.8
29840.2 20210.8
38137.5 11913.5
28143.4 21907.6
35304.6 14746.4
31469.2 18581.8
39792.8 10258.2
29275.5 20775.5
20524.7 29526.3
36750.2 13300.8
44126.1 5924.93
21755.5 28295.5
29109.3 20941.7
35827.8 14223.2
33441.9 16609.1
17539.8 32511.2
20851.3 29199.7
29455.4 20595.6
30392.6 19658.4
36617.7 13433.3
35882.1 14168.9
39639.9 10411.1
35363.5 14687.5
30886.3 19164.7
30467.2 19583.8
44786.6 5264.44
38280.3 11770.7
20796.2 29254.8
31306.7 18744.3
41735.1 8315.92
36770.5 13280.5
32591.5 17459.5
25978.7 24072.3
29939.9 20111.1
37195 12856
30430.7 19620.3
29926.6 20124.4
38780.1 11270.9
36191.3 13859.7
26257.7 23793.3
29356 20695
30121.2 19929.8
32749.7 17301.3
32343.2 17707.8
31187.3 18863.7
15099.8 34951.2
31586.5 18464.5
26888.8 23162.2
37526.3 12524.7
39724.6 10326.4
22421.1 27629.9
34483.5 15567.5
35078.6 14972.4
24821.6 25229.4
31626.8 18424.2
24168 25883
43883.8 6167.16
30448.6 19602.4
35121.4 14929.6
38024.9 12026.1
37365.5 12685.5
33735.9 16315.1
34519.4 15531.6
32843.8 17207.2
23014.4 27036.6
26149.3 23901.7
39624.5 10426.5
26402.4 23648.6
29243.1 20807.9
34455.1 15595.9
37755.4 12295.6
35007.2 15043.8
32692.4 17358.6
32005.3 18045.7
37678.9 12372.1
33489.3 16561.7
26330.1 23720.9
44629.1 5421.9
30257.8 19793.2
40953.1 9097.95
30269.6 19781.4
34825.4 15225.6
31726.5 18324.5
41941.1 8109.93
32960.3 17090.7
32115.8 17935.2
20646.1 29404.9
43723 6328.04
38958.7 11092.3
40269.6 9781.43
34829.4 15221.6
32490.1 17560.9
34461.5 15589.5
38135.5 11915.5
38321.9 11729.1
31793 18258
35933.8 14117.2
40575 9476.04
29985.5 20065.5
37475.4 12575.6
29750.7 20300.3
37688.7 12362.3
39094.4 10956.6
33197.2 16853.8
34602.9 15448.1
23108.7 26942.3
35101.4 14949.6
24530.7 25520.3
37138.5 12912.5
30820.5 19230.5
26660.9 23390.1
42128.4 7922.63
37322.2 12728.8
32388.2 17662.8
39383.4 10667.6
43613.8 6437.19
24374.6 25676.4
33859 16192
31854.1 18196.9
46344 3706.98
24714.8 25336.2
31606.1 18444.9
31628.8 18422.2
28049.4 22001.6
34820.6 15230.4
36787.4 13263.6
30209.7 19841.3
21536.7 28514.3
30509.6 19541.4
40020.7 10030.3
23206.3 26844.7
29146.4 20904.6
35131.1 14919.9
38864.8 11186.2
25915.2 24135.8
27482.8 22568.2
36123.7 13927.3
26542.6 23508.4
32286.7 17764.3
38786.4 11264.6
37270.9 12780.1
35374.5 14676.5
32448 17603
31004.3 19046.7
35938.5 14112.5
24751.3 25299.7
39248.6 10802.4
41160.1 8890.94
28552.3 21498.7
31145.7 18905.3
40910.1 9140.9
33519.5 16531.5
25949.4 24101.6
29223.9 20827.1
35044.8 15006.2
13236.2 36814.8
29958.8 20092.2
36023.7 14027.3
28975.4 21075.6
29594.1 20456.9
29928.9 20122.1
34824.2 15226.8
34049.7 16001.3
28672.3 21378.7
33509 16542
39259.8 10791.2
31393.4 18657.6
36017.8 14033.2
39162.3 10888.7
31562 18489
27798.6 22252.4
43922.4 6128.61
42549.6 7501.44
36514.2 13536.8
46149.3 3901.71
36977.4 13073.6
23362.6 26688.4
29205.1 20845.9
39034.4 11016.6
31545.9 18505.1
39533.4 10517.6
36402.5 13648.5
31777.9 18273.1
18644.5 31406.5
28752.1 21298.9
41103.3 8947.67
19677 30374
33468.9 16582.1
34564.4 15486.6
40678.8 9372.22
31244.5 18806.5
22628.4 27422.6
40617.2 9433.75
38182.3 11868.7
28849 21202
33863.2 16187.8
39614.4 10436.6
39850.8 10200.2
30354 19697
40713.2 9337.8
29424.7 20626.3
46041.6 4009.44
39116.1 10934.9
34109.3 15941.7
25619.8 24431.2
34629.2 15421.8
41583.9 8467.05
36625 13426
32514 17537
34436 15615
32885.7 17165.3
33697.1 16353.9
37420.3 12630.7
33230.2 16820.8
29796.9 20254.1
31490.4 18560.6
42319.1 7731.94
41410.5 8640.46
28587.1 21463.9
31148.1 18902.9
29199.7 20851.3
29840.2 20210.8
28379.6 21671.4
45871.8 4179.25
35070.3 14980.7
31079.5 18971.5
18542.2 31508.8
22103.5 27947.5
33087.1 16963.9
32055.4 17995.6
41976 8075.01
30740 19311
31714.8 18336.2
25035.1 25015.9
24951.4 25099.6
33563 16488
28143.8 21907.2
38724.3 11326.7
32898.4 17152.6
36668.2 13382.8
35900.4 14150.6
31795.8 18255.2
28154.5 21896.5
37961.6 12089.4
35742.3 14308.7
37617.2 12433.8
27500.4 22550.6
33148.9 16902.1
40445.7 9605.28
31373.8 18677.2
28634.8 21416.2
29732.5 20318.5
45612.8 4438.17
24874.8 25176.2
36078.6 13972.4
35578.3 14472.7
33668 16383
37578.6 12472.4
31489.6 18561.4
30686.1 19364.9
25740.3 24310.7
30153.7 19897.3
39166.7 10884.3
34667.4 15383.6
33198.5 16852.5
31155.6 18895.4
39873 10178
28888.8 21162.2
37895.1 12155.9
33118.5 16932.5
26365.5 23685.5
40551.8 9499.17
42596 7455.04
30624.5 19426.5
35916.6 14134.4
20466.8 29584.2
38118.7 11932.3
40510.7 9540.31
35300.7 14750.3
38740.6 11310.4
35125.8 14925.2
37804.8 12246.2
28973 21078
25173.7 24877.3
34229.5 15821.5
37823.8 12227.2
38169.9 11881.1
17104.7 32946.3
39232.2 10818.8
37259.2 12791.8
34512.3 15538.7
39529.3 10521.7
32352.2 17698.8
38158.1 11892.9
36152.1 13898.9
38417 11634
31601.8 18449.2
30709.5 19341.5
28374.1 21676.9
35925.4 14125.6
31772.7 18278.3
34150.3 15900.7
35712.9 14338.1
33997.5 16053.5
32352.8 17698.2
37048.9 13002.1
36401.8 13649.2
31217.7 18833.3
38901.6 11149.4
31693.9 18357.1
27459.3 22591.7
41393.3 8657.74
28891.9 21159.1
34560.1 15490.9
23365.4 26685.6
34657.7 15393.3
38604.6 11446.4
41341.2 8709.76
31901.9 18149.1
25686.8 24364.2
29150.8 20900.2
27644.7 22406.3
28426.3 21624.7
27969.7 22081.3
25447.5 24603.5
27770.1 22280.9
39880 10171
38495.5 11555.5
35674.1 14376.9
32156.5 17894.5
26343 23708
44448.3 5602.66
33401.9 16649.1
43670.9 6380.12
39929.6 10121.4
39473.5 10577.5
36724 13327
30934.7 19116.3
40098.4 9952.65
32146.7 17904.3
30969.2 19081.8
39710.5 10340.5
37112 12939
43374.7 6676.35
27458.8 22592.2
31911.4 18139.6
31988.4 18062.6
30961.5 19089.5
29141 20910
26975.8 23075.2
33822.4 16228.6
37216 12835
43512.6 6538.39
29580 20471
21122.2 28928.8
38865.6 11185.4
35272.4 14778.6
38147.6 11903.4
31778.2 18272.8
35978.1 14072.9
31602.8 18448.2
26513.4 23537.6
30129.7 19921.3
37096.9 12954.1
25712.6 24338.4
32956 17095
44267.7 5783.29
44415.7 5635.26
18951.1 31099.9
29543.2 20507.8
33282 16769
34419.1 15631.9
32232.5 17818.5
47167.6 2883.39
41066.7 8984.3
42549 7502.03
32478.6 17572.4
23630.7 26420.3
36414.7 13636.3
41581.9 8469.14
40206.2 9844.83
37510.4 12540.6
39885 10166
36705.9 13345.1
26576.7 23474.3
31735.3 18315.7
33433.8 16617.2
23358.9 26692.1
32300.7 17750.3
37075.4 12975.6
30679.2 19371.8
31807 18244
38951.7 11099.3
36322.1 13728.9
33597.2 16453.8
32423.8 17627.2
41386.2 8664.85
39100 10951
40707 9343.99
33173.4 16877.6
33165.8 16885.2
29818.6 20232.4
35180.8 14870.2
37087.5 12963.5
45484.9 4566.07
31959.4 18091.6
33023.6 17027.4
30843.6 19207.4
41404.9 8646.09
35621.3 14429.7
32531.5 17519.5
28032.4 22018.6
35018.7 15032.3
29028.3 21022.7
41862.5 8188.52
29229.2 20821.8
39865.1 10185.9
30900.5 19150.5
30659.3 19391.7
22674.1 27376.9
39367.7 10683.3
35025.6 15025.4
37472.3 12578.7
38633 11418
31523.8 18527.2
40305.3 9745.74
31890.5 18160.5
33544.7 16506.3
40257.3 9793.65
32121.6 17929.4
36477.5 13573.5
41008.5 9042.55
39681.7 10369.3
33655 16396
26245.4 23805.6
27807.2 22243.8
38071.5 11979.5
31099.1 18951.9
34442.2 15608.8
