26140 13890
26420 13610
26620 13410
26780 13250
26300 13730
26340 13690
25780 14250
27060 12970
26900 13130
27820 12210
27260 12770
26860 13170
26740 13290
26620 13410
27060 12970
25980 14050
27060 12970
27380 12650
26300 13730
25940 14090
26500 13530
27100 12930
26180 13850
27300 12730
26420 13610
25860 14170
26540 13490
26060 13970
26180 13850
26060 13970
27620 12410
25940 14090
27340 12690
26620 13410
28100 11930
26260 13770
26940 13090
26700 13330
27340 12690
25980 14050
26420 13610
25540 14490
26740 13290
27740 12290
27100 12930
27300 12730
25980 14050
27940 12090
26140 13890
26900 13130
26740 13290
27060 12970
26620 13410
26660 13370
27260 12770
25380 14650
27620 12410
26140 13890
25820 14210
26700 13330
25780 14250
27100 12930
26540 13490
27420 12610
26780 13250
27100 12930
26700 13330
27140 12890
26620 13410
26540 13490
26580 13450
26540 13490
26100 13930
27140 12890
26900 13130
26700 13330
26740 13290
26140 13890
26700 13330
27100 12930
27260 12770
25980 14050
26300 13730
25460 14570
26700 13330
26140 13890
26020 14010
26460 13570
26540 13490
27300 12730
25660 14370
25460 14570
26460 13570
26940 13090
27300 12730
26380 13650
26380 13650
27420 12610
26500 13530
26900 13130
26940 13090
28260 11770
25900 14130
27020 13010
26980 13050
26180 13850
27060 12970
26500 13530
27220 12810
26580 13450
25580 14450
26140 13890
27540 12490
27220 12810
27460 12570
27340 12690
25740 14290
25780 14250
25500 14530
26620 13410
25620 14410
27340 12690
26540 13490
25900 14130
26940 13090
26340 13690
26180 13850
26420 13610
26740 13290
26420 13610
26540 13490
27260 12770
27180 12850
26060 13970
26860 13170
26340 13690
26100 13930
26460 13570
26020 14010
25700 14330
26540 13490
26380 13650
26060 13970
27540 12490
26540 13490
26180 13850
26180 13850
26340 13690
26660 13370
27620 12410
26460 13570
26620 13410
27060 12970
26020 14010
25860 14170
27620 12410
26100 13930
26780 13250
26500 13530
26700 13330
26780 13250
28100 11930
26180 13850
26660 13370
26860 13170
27220 12810
26540 13490
26420 13610
27100 12930
26060 13970
26780 13250
26580 13450
26060 13970
26180 13850
26380 13650
26260 13770
27020 13010
26460 13570
26460 13570
27180 12850
26460 13570
26380 13650
26540 13490
26500 13530
27100 12930
26940 13090
27940 12090
26060 13970
26660 13370
27100 12930
26020 14010
27260 12770
25460 14570
26660 13370
26660 13370
27020 13010
27740 12290
27140 12890
26980 13050
27860 12170
26660 13370
26420 13610
25580 14450
27060 12970
27460 12570
26740 13290
27060 12970
25820 14210
26740 13290
26500 13530
27060 12970
27060 12970
27300 12730
26500 13530
26300 13730
26020 14010
26140 13890
27220 12810
27020 13010
26900 13130
26580 13450
26140 13890
24860 15170
26740 13290
26100 13930
27780 12250
26860 13170
26940 13090
26180 13850
25780 14250
26740 13290
26260 13770
26260 13770
27380 12650
26060 13970
26700 13330
26220 13810
26980 13050
26780 13250
27380 12650
27140 12890
26900 13130
26540 13490
26900 13130
27260 12770
26180 13850
27700 12330
26300 13730
26140 13890
25860 14170
27500 12530
26660 13370
26460 13570
27140 12890
27100 12930
26860 13170
26380 13650
26460 13570
25940 14090
28020 12010
27500 12530
26740 13290
25860 14170
25900 14130
27300 12730
26700 13330
24860 15170
26500 13530
27660 12370
27220 12810
26900 13130
26660 13370
28140 11890
26180 13850
27060 12970
26300 13730
25940 14090
26660 13370
26260 13770
26820 13210
26420 13610
26740 13290
26820 13210
26100 13930
27140 12890
27100 12930
27580 12450
27500 12530
26260 13770
26620 13410
26700 13330
27700 12330
26420 13610
27300 12730
25980 14050
25780 14250
27540 12490
27620 12410
26140 13890
25660 14370
26580 13450
26580 13450
26420 13610
26620 13410
26700 13330
26700 13330
27500 12530
25900 14130
25580 14450
26660 13370
26900 13130
25900 14130
25740 14290
25980 14050
26940 13090
26380 13650
27180 12850
26540 13490
26780 13250
26660 13370
26940 13090
25740 14290
26660 13370
25660 14370
25940 14090
26580 13450
27340 12690
27260 12770
26780 13250
26580 13450
25300 14730
25660 14370
26060 13970
27140 12890
27020 13010
26340 13690
26660 13370
27420 12610
25980 14050
26740 13290
26740 13290
27580 12450
27260 12770
26140 13890
26860 13170
27180 12850
27500 12530
25980 14050
25460 14570
26900 13130
27180 12850
26420 13610
26780 13250
27940 12090
27340 12690
26860 13170
26900 13130
26980 13050
26500 13530
27060 12970
25340 14690
26700 13330
27460 12570
26380 13650
26860 13170
27220 12810
28060 11970
26580 13450
27300 12730
27100 12930
26460 13570
27420 12610
27500 12530
27700 12330
26540 13490
26740 13290
27140 12890
27340 12690
27420 12610
26020 14010
26780 13250
26220 13810
26660 13370
26540 13490
27260 12770
26780 13250
25940 14090
27260 12770
27620 12410
27060 12970
27420 12610
26500 13530
25940 14090
26700 13330
26260 13770
26980 13050
27460 12570
26340 13690
26300 13730
26500 13530
26860 13170
25900 14130
26940 13090
27540 12490
26900 13130
26420 13610
27300 12730
25420 14610
26500 13530
27980 12050
27940 12090
27220 12810
27260 12770
27020 13010
27220 12810
26820 13210
27380 12650
27180 12850
26300 13730
26980 13050
26940 13090
25660 14370
27220 12810
26900 13130
27340 12690
27100 12930
25740 14290
27780 12250
25540 14490
26540 13490
27780 12250
26620 13410
25740 14290
26060 13970
26780 13250
27100 12930
26220 13810
26660 13370
25820 14210
26820 13210
26780 13250
26660 13370
27780 12250
27540 12490
26220 13810
26540 13490
26540 13490
27100 12930
26740 13290
27980 12050
28180 11850
25980 14050
26700 13330
26580 13450
27500 12530
26060 13970
27260 12770
26380 13650
26460 13570
26900 13130
27060 12970
26780 13250
26420 13610
26140 13890
26940 13090
26940 13090
27100 12930
25260 14770
26820 13210
28180 11850
27540 12490
27140 12890
26900 13130
27900 12130
25620 14410
25660 14370
26700 13330
26260 13770
26500 13530
26140 13890
24980 15050
26420 13610
27820 12210
26260 13770
27260 12770
26820 13210
27340 12690
26420 13610
25900 14130
26140 13890
25860 14170
26860 13170
26020 14010
26620 13410
26740 13290
26180 13850
26300 13730
27540 12490
27060 12970
26500 13530
26020 14010
27220 12810
27420 12610
26900 13130
26780 13250
26780 13250
26620 13410
27100 12930
26900 13130
25540 14490
26980 13050
25900 14130
27180 12850
27100 12930
26500 13530
26620 13410
26660 13370
26380 13650
26660 13370
25660 14370
26100 13930
27060 12970
25980 14050
26820 13210
27060 12970
26260 13770
26700 13330
26140 13890
27140 12890
26500 13530
26100 13930
26180 13850
25780 14250
26780 13250
26500 13530
26420 13610
27420 12610
27300 12730
25700 14330
26620 13410
27140 12890
28260 11770
26740 13290
27340 12690
26020 14010
27100 12930
26820 13210
26580 13450
27540 12490
27620 12410
27380 12650
27300 12730
27220 12810
26820 13210
26060 13970
25700 14330
26740 13290
26820 13210
26620 13410
26180 13850
27100 12930
27220 12810
26340 13690
26580 13450
26220 13810
25900 14130
27100 12930
27180 12850
27500 12530
26100 13930
26260 13770
26940 13090
26580 13450
27420 12610
26260 13770
26420 13610
27220 12810
27820 12210
25540 14490
27340 12690
26140 13890
25060 14970
26020 14010
26900 13130
26940 13090
25900 14130
26580 13450
26860 13170
27220 12810
26700 13330
27020 13010
27860 12170
27340 12690
26300 13730
25780 14250
26140 13890
27540 12490
26780 13250
26260 13770
26900 13130
27380 12650
26740 13290
27180 12850
27180 12850
26940 13090
27460 12570
27020 13010
27900 12130
27220 12810
27660 12370
27260 12770
26500 13530
27700 12330
26740 13290
26860 13170
26260 13770
27380 12650
28060 11970
26380 13650
27300 12730
26180 13850
26540 13490
26980 13050
25700 14330
26820 13210
27140 12890
26260 13770
26660 13370
26820 13210
26900 13130
26340 13690
26580 13450
26700 13330
27740 12290
26460 13570
27620 12410
25580 14450
26940 13090
27020 13010
27660 12370
27380 12650
26540 13490
25660 14370
27180 12850
27300 12730
27380 12650
26100 13930
26620 13410
26940 13090
25500 14530
26780 13250
28180 11850
26940 13090
26740 13290
26780 13250
26540 13490
26540 13490
26100 13930
26900 13130
26700 13330
26500 13530
26420 13610
27340 12690
26260 13770
26980 13050
27780 12250
27180 12850
26860 13170
27420 12610
26620 13410
26620 13410
26180 13850
27660 12370
26660 13370
25820 14210
26780 13250
25580 14450
26900 13130
25860 14170
26700 13330
27660 12370
26580 13450
26940 13090
25980 14050
26540 13490
25740 14290
26540 13490
27500 12530
27340 12690
26740 13290
26620 13410
25820 14210
27380 12650
26860 13170
27060 12970
27900 12130
26540 13490
26820 13210
26180 13850
25140 14890
25420 14610
25420 14610
26620 13410
25740 14290
26380 13650
25980 14050
26820 13210
26060 13970
25260 14770
27220 12810
27980 12050
26420 13610
27580 12450
26660 13370
27420 12610
26100 13930
26380 13650
27460 12570
27220 12810
26220 13810
27020 13010
26940 13090
27220 12810
26220 13810
26340 13690
25740 14290
26700 13330
26860 13170
25940 14090
25740 14290
26060 13970
27740 12290
27140 12890
26220 13810
27340 12690
27340 12690
27260 12770
26300 13730
26460 13570
27460 12570
26620 13410
26900 13130
27460 12570
26300 13730
26980 13050
26580 13450
26100 13930
26700 13330
25660 14370
25660 14370
26020 14010
26100 13930
25620 14410
26460 13570
25420 14610
26020 14010
25900 14130
26220 13810
26660 13370
27620 12410
26580 13450
26100 13930
25980 14050
26500 13530
27980 12050
26820 13210
26740 13290
27260 12770
26180 13850
26540 13490
26500 13530
27900 12130
26260 13770
26020 14010
26820 13210
26580 13450
25460 14570
26660 13370
27340 12690
25140 14890
26780 13250
27460 12570
26460 13570
27380 12650
26860 13170
26660 13370
26860 13170
26340 13690
25940 14090
26420 13610
26580 13450
25940 14090
25780 14250
27100 12930
27500 12530
25900 14130
27220 12810
25620 14410
26980 13050
27380 12650
27420 12610
27180 12850
27260 12770
26020 14010
26580 13450
25980 14050
25980 14050
27420 12610
25620 14410
26180 13850
26380 13650
27260 12770
26940 13090
27140 12890
26620 13410
26980 13050
27580 12450
27060 12970
26540 13490
26660 13370
26660 13370
26660 13370
26700 13330
26900 13130
27380 12650
26100 13930
26340 13690
27540 12490
28260 11770
27140 12890
26500 13530
26780 13250
27100 12930
26020 14010
26660 13370
25540 14490
27140 12890
26580 13450
25740 14290
27020 13010
26340 13690
26500 13530
26140 13890
26820 13210
26140 13890
27020 13010
26300 13730
26580 13450
26980 13050
25980 14050
26820 13210
26580 13450
26860 13170
26620 13410
26620 13410
26740 13290
26580 13450
26380 13650
27540 12490
27140 12890
26660 13370
26900 13130
26060 13970
25820 14210
27660 12370
26940 13090
26020 14010
26260 13770
27220 12810
26900 13130
26620 13410
26700 13330
26260 13770
27340 12690
27900 12130
25740 14290
26580 13450
26300 13730
25900 14130
26980 13050
25740 14290
26060 13970
26100 13930
25380 14650
26100 13930
27260 12770
26900 13130
26820 13210
25860 14170
26340 13690
27860 12170
26660 13370
26780 13250
27500 12530
26540 13490
26500 13530
26940 13090
26420 13610
26500 13530
26300 13730
26460 13570
25980 14050
25580 14450
25980 14050
26420 13610
26660 13370
25500 14530
27500 12530
26340 13690
26700 13330
26740 13290
26500 13530
25820 14210
26580 13450
26380 13650
26100 13930
26740 13290
26860 13170
25900 14130
26620 13410
26740 13290
27100 12930
27260 12770
27540 12490
25540 14490
25700 14330
25660 14370
28140 11890
26020 14010
26540 13490
26940 13090
26340 13690
27300 12730
26380 13650
26460 13570
26660 13370
26220 13810
26820 13210
26740 13290
27500 12530
27860 12170
27180 12850
26140 13890
25980 14050
27660 12370
25700 14330
26860 13170
26300 13730
27300 12730
26300 13730
26860 13170
25780 14250
27580 12450
25580 14450
26340 13690
26740 13290
25900 14130
27980 12050
27100 12930
26060 13970
26100 13930
25420 14610
26180 13850
26940 13090
27180 12850
26980 13050
27300 12730
26300 13730
27020 13010
27180 12850
26140 13890
26860 13170
26380 13650
27100 12930
26180 13850
27100 12930
27700 12330
26500 13530
27060 12970
27540 12490
27140 12890
26660 13370
27540 12490
26020 14010
26940 13090
26620 13410
27020 13010
26660 13370
26580 13450
26500 13530
26900 13130
26700 13330
27020 13010
25940 14090
26420 13610
25900 14130
26780 13250
27420 12610
26260 13770
25860 14170
26300 13730
26860 13170
26580 13450
26980 13050
27380 12650
27020 13010
27060 12970
25900 14130
26500 13530
25820 14210
26980 13050
26980 13050
27340 12690
26980 13050
26700 13330
26820 13210
27260 12770
26500 13530
27460 12570
26260 13770
27340 12690
26820 13210
25780 14250
27380 12650
27740 12290
26460 13570
26860 13170
26740 13290
27260 12770
26900 13130
25900 14130
26540 13490
25540 14490
26580 13450
26740 13290
26700 13330
26540 13490
26100 13930
26420 13610
26860 13170
26740 13290
26980 13050
26460 13570
27740 12290
27820 12210
27500 12530
27420 12610
27780 12250
25700 14330
27740 12290
26420 13610
25700 14330
26820 13210
26300 13730
26980 13050
26500 13530
27980 12050
26580 13450
26660 13370
27140 12890
26580 13450
27780 12250
25820 14210
26140 13890
27500 12530
26700 13330
27100 12930
26220 13810
25460 14570
25820 14210
27380 12650
26980 13050
27340 12690
26100 13930
27700 12330
26580 13450
26540 13490
27060 12970
27540 12490
26540 13490
27260 12770
26620 13410
26380 13650
27740 12290
26700 13330
26340 13690
27580 12450
27260 12770
27980 12050
26340 13690
26020 14010
26100 13930
27060 12970
26540 13490
27580 12450
27540 12490
26540 13490
26500 13530
27220 12810
27380 12650
26300 13730
26460 13570
26340 13690
25540 14490
25900 14130
26380 13650
25780 14250
27020 13010
27540 12490
26740 13290
27420 12610
27100 12930
26460 13570
26300 13730
26260 13770
27380 12650
27100 12930
27340 12690
27300 12730
25940 14090
26940 13090
26900 13130
27580 12450
26100 13930
26660 13370
27140 12890
26060 13970
26300 13730
26820 13210
26300 13730
26180 13850
26340 13690
26180 13850
26740 13290
26380 13650
26180 13850
25980 14050
26220 13810
26260 13770
26420 13610
26700 13330
27260 12770
27060 12970
27540 12490
26220 13810
26540 13490
26780 13250
27780 12250
26420 13610
27380 12650
26340 13690
26580 13450
26500 13530
27260 12770
26620 13410
27300 12730
26500 13530
26260 13770
26380 13650
27220 12810
26700 13330
26700 13330
27460 12570
26940 13090
27420 12610
26220 13810
25140 14890
27140 12890
27420 12610
26860 13170
27020 13010
25980 14050
27020 13010
26780 13250
26420 13610
27100 12930
27140 12890
27100 12930
26540 13490
26460 13570
26340 13690
26460 13570
26380 13650
26220 13810
26620 13410
26180 13850
27500 12530
26380 13650
25900 14130
25620 14410
26860 13170
26940 13090
26780 13250
28060 11970
26620 13410
27740 12290
27020 13010
26300 13730
26140 13890
27300 12730
27700 12330
26420 13610
27020 13010
26260 13770
26340 13690
26300 13730
26700 13330
25620 14410
26740 13290
26940 13090
26500 13530
27540 12490
27380 12650
26220 13810
26500 13530
25940 14090
26700 13330
26780 13250
27620 12410
26100 13930
27540 12490
26740 13290
26980 13050
25740 14290
25820 14210
27300 12730
26860 13170
26580 13450
27180 12850
26660 13370
26580 13450
26780 13250
27660 12370
27380 12650
27060 12970
27060 12970
26420 13610
26900 13130
27060 12970
27780 12250
27140 12890
25980 14050
27020 13010
27140 12890
25820 14210
27420 12610
26380 13650
26140 13890
26740 13290
25980 14050
25900 14130
26780 13250
26220 13810
25980 14050
25180 14850
27140 12890
26980 13050
26900 13130
26460 13570
26340 13690
25780 14250
26780 13250
27020 13010
27620 12410
27820 12210
26060 13970
26740 13290
27060 12970
26980 13050
27100 12930
26460 13570
26940 13090
26700 13330
27060 12970
27260 12770
26180 13850
27660 12370
25860 14170
26300 13730
26700 13330
26820 13210
26660 13370
26380 13650
27180 12850
27180 12850
26820 13210
26580 13450
26540 13490
26300 13730
26900 13130
26580 13450
27580 12450
25940 14090
26220 13810
26660 13370
27020 13010
27940 12090
27140 12890
26980 13050
25540 14490
26980 13050
27300 12730
26820 13210
26700 13330
27100 12930
27020 13010
27060 12970
26260 13770
25860 14170
27420 12610
26380 13650
26900 13130
26460 13570
26620 13410
26060 13970
26700 13330
26540 13490
26820 13210
26340 13690
27580 12450
26940 13090
26100 13930
26620 13410
25860 14170
27580 12450
26780 13250
27780 12250
26740 13290
26780 13250
25980 14050
26260 13770
26060 13970
28140 11890
26100 13930
26540 13490
26300 13730
25660 14370
26380 13650
27180 12850
28380 11650
27220 12810
26020 14010
27700 12330
26700 13330
27580 12450
25700 14330
27060 12970
26100 13930
26260 13770
26740 13290
26380 13650
26820 13210
26260 13770
26740 13290
26860 13170
26140 13890
26900 13130
26820 13210
26940 13090
26580 13450
26420 13610
27020 13010
25900 14130
27420 12610
26620 13410
26500 13530
27020 13010
27660 12370
26940 13090
26820 13210
25660 14370
26780 13250
27260 12770
26700 13330
26460 13570
26460 13570
27060 12970
25900 14130
26180 13850
25940 14090
26660 13370
27220 12810
27940 12090
26660 13370
26820 13210
26980 13050
26460 13570
26940 13090
26380 13650
26020 14010
26020 14010
27140 12890
26060 13970
26860 13170
27300 12730
27540 12490
26980 13050
26860 13170
25900 14130
26420 13610
27700 12330
26100 13930
27300 12730
25860 14170
27020 13010
25940 14090
27660 12370
26140 13890
25900 14130
26220 13810
26460 13570
27140 12890
26740 13290
26380 13650
25900 14130
27660 12370
26820 13210
26740 13290
27820 12210
26980 13050
26300 13730
27860 12170
27420 12610
27020 13010
27220 12810
26900 13130
26260 13770
26500 13530
26460 13570
25820 14210
26500 13530
26540 13490
28540 11490
27100 12930
26260 13770
25980 14050
26820 13210
27340 12690
27980 12050
26420 13610
27540 12490
26900 13130
26700 13330
27260 12770
25900 14130
26740 13290
26540 13490
26420 13610
27980 12050
26180 13850
26140 13890
27220 12810
27180 12850
28020 12010
26220 13810
27500 12530
27140 12890
26700 13330
26380 13650
25700 14330
25620 14410
26580 13450
26260 13770
25820 14210
27420 12610
27380 12650
26340 13690
26260 13770
26860 13170
26100 13930
26780 13250
26820 13210
25580 14450
26700 13330
27020 13010
27420 12610
26180 13850
25420 14610
26460 13570
26940 13090
27140 12890
25860 14170
26540 13490
26780 13250
26460 13570
26740 13290
26660 13370
26140 13890
26580 13450
26500 13530
25980 14050
27500 12530
27300 12730
26060 13970
26460 13570
27820 12210
26780 13250
26500 13530
26940 13090
26340 13690
25980 14050
27500 12530
27180 12850
26620 13410
27060 12970
27100 12930
26540 13490
26620 13410
27420 12610
27540 12490
26500 13530
25860 14170
26140 13890
26020 14010
25620 14410
26420 13610
27260 12770
26940 13090
26820 13210
26500 13530
27540 12490
27020 13010
26580 13450
26340 13690
26860 13170
26940 13090
26980 13050
26420 13610
26300 13730
26340 13690
27020 13010
26540 13490
26380 13650
27220 12810
25700 14330
27300 12730
27140 12890
25620 14410
26460 13570
25820 14210
25980 14050
26500 13530
26740 13290
26260 13770
26620 13410
26460 13570
26180 13850
27820 12210
26260 13770
26140 13890
25180 14850
26380 13650
27580 12450
26780 13250
27300 12730
27620 12410
26460 13570
26460 13570
27580 12450
26220 13810
25140 14890
26740 13290
27100 12930
27060 12970
26900 13130
27140 12890
26580 13450
27140 12890
26900 13130
26420 13610
27180 12850
26860 13170
27020 13010
25340 14690
26940 13090
27100 12930
26820 13210
26380 13650
27980 12050
26340 13690
26580 13450
27060 12970
26900 13130
27340 12690
27620 12410
26460 13570
26380 13650
26780 13250
27260 12770
27180 12850
27420 12610
27100 12930
26180 13850
27180 12850
26580 13450
26260 13770
26380 13650
27580 12450
27060 12970
27820 12210
26300 13730
27100 12930
26220 13810
25820 14210
26500 13530
26340 13690
26860 13170
26900 13130
27540 12490
26460 13570
26740 13290
25820 14210
27220 12810
27740 12290
27460 12570
26060 13970
26500 13530
28260 11770
25980 14050
28060 11970
26700 13330
25940 14090
28180 11850
26220 13810
27540 12490
25940 14090
26580 13450
27060 12970
26900 13130
26500 13530
26940 13090
27220 12810
26620 13410
25860 14170
26340 13690
26300 13730
26300 13730
26660 13370
26980 13050
27260 12770
27460 12570
27340 12690
26620 13410
27900 12130
26460 13570
28140 11890
25860 14170
27140 12890
26620 13410
26660 13370
27220 12810
26540 13490
27500 12530
27180 12850
26540 13490
27100 12930
26660 13370
26980 13050
26740 13290
26420 13610
25860 14170
26220 13810
26420 13610
26580 13450
26340 13690
27100 12930
27260 12770
25860 14170
26420 13610
26860 13170
26180 13850
27260 12770
26580 13450
26580 13450
26540 13490
25700 14330
26140 13890
27100 12930
26620 13410
26020 14010
26340 13690
26620 13410
27020 13010
27340 12690
25700 14330
26940 13090
24580 15450
27020 13010
27180 12850
27180 12850
27660 12370
26180 13850
26540 13490
26660 13370
26060 13970
27460 12570
26580 13450
27500 12530
26340 13690
27700 12330
26580 13450
27540 12490
27220 12810
26100 13930
26300 13730
27220 12810
26580 13450
26980 13050
27460 12570
26060 13970
26500 13530
24980 15050
26300 13730
26500 13530
25860 14170
26460 13570
27220 12810
26340 13690
27820 12210
26460 13570
27620 12410
27100 12930
25780 14250
26900 13130
26260 13770
26340 13690
26660 13370
27180 12850
25500 14530
25860 14170
27060 12970
25940 14090
27300 12730
26260 13770
26380 13650
26300 13730
26620 13410
26460 13570
26980 13050
26700 13330
27100 12930
26300 13730
27700 12330
27220 12810
25460 14570
27020 13010
26140 13890
26900 13130
26260 13770
27300 12730
25460 14570
27180 12850
25940 14090
26420 13610
26740 13290
26740 13290
26460 13570
25660 14370
27300 12730
26860 13170
25940 14090
25860 14170
25980 14050
26300 13730
26980 13050
26940 13090
26260 13770
26300 13730
26700 13330
26420 13610
27340 12690
26420 13610
27020 13010
25780 14250
26700 13330
26460 13570
27140 12890
26300 13730
26580 13450
26460 13570
27100 12930
26900 13130
26980 13050
26060 13970
27900 12130
26340 13690
26780 13250
26940 13090
25860 14170
25660 14370
25540 14490
25940 14090
26140 13890
27700 12330
26540 13490
25140 14890
26900 13130
27780 12250
27380 12650
27660 12370
26900 13130
26980 13050
26580 13450
26300 13730
26180 13850
27260 12770
27100 12930
26740 13290
28020 12010
26700 13330
27260 12770
26300 13730
27140 12890
27340 12690
26580 13450
27580 12450
26380 13650
26260 13770
26980 13050
27300 12730
25500 14530
27300 12730
26580 13450
26300 13730
26660 13370
26140 13890
27180 12850
26780 13250
26460 13570
25660 14370
26380 13650
27460 12570
25780 14250
26820 13210
27180 12850
26820 13210
27100 12930
26140 13890
26540 13490
27700 12330
26820 13210
27580 12450
26780 13250
27300 12730
26660 13370
25900 14130
26740 13290
27100 12930
26180 13850
27060 12970
27780 12250
26860 13170
27020 13010
27060 12970
27340 12690
27100 12930
26260 13770
27140 12890
26740 13290
26540 13490
25980 14050
26100 13930
25620 14410
27180 12850
25020 15010
27340 12690
27220 12810
27100 12930
26740 13290
25740 14290
28220 11810
26500 13530
26860 13170
26940 13090
26220 13810
26300 13730
26660 13370
26420 13610
26620 13410
27220 12810
27260 12770
27060 12970
26460 13570
27300 12730
26380 13650
25740 14290
26420 13610
26420 13610
26900 13130
26780 13250
27460 12570
26700 13330
26900 13130
25980 14050
26300 13730
27300 12730
25940 14090
27100 12930
26180 13850
27100 12930
26780 13250
26780 13250
27380 12650
26500 13530
27020 13010
27700 12330
27220 12810
25460 14570
26980 13050
26980 13050
28100 11930
27140 12890
26180 13850
27260 12770
27500 12530
26980 13050
26380 13650
26860 13170
25420 14610
27580 12450
26820 13210
26220 13810
28220 11810
26460 13570
27060 12970
25700 14330
27140 12890
26460 13570
26380 13650
26380 13650
26460 13570
26660 13370
26100 13930
27460 12570
25740 14290
25740 14290
25500 14530
27140 12890
27060 12970
25740 14290
26500 13530
26180 13850
27140 12890
26220 13810
27900 12130
26540 13490
26460 13570
27100 12930
26260 13770
26820 13210
26860 13170
26980 13050
26820 13210
26140 13890
27100 12930
27660 12370
25780 14250
27100 12930
27140 12890
27060 12970
27060 12970
27220 12810
26540 13490
26980 13050
26900 13130
27740 12290
27060 12970
27020 13010
26740 13290
26780 13250
26140 13890
26660 13370
27460 12570
27020 13010
25580 14450
26740 13290
26300 13730
27060 12970
25860 14170
27380 12650
26420 13610
26980 13050
27100 12930
27300 12730
26380 13650
26340 13690
26380 13650
27300 12730
26700 13330
27460 12570
26420 13610
26660 13370
26820 13210
27340 12690
26660 13370
26260 13770
27540 12490
26220 13810
27300 12730
26940 13090
26300 13730
25940 14090
26820 13210
26940 13090
26660 13370
26620 13410
27220 12810
26620 13410
26940 13090
27700 12330
26220 13810
28060 11970
25500 14530
25900 14130
26300 13730
27420 12610
27180 12850
27060 12970
27020 13010
26300 13730
27300 12730
26620 13410
27780 12250
25980 14050
26540 13490
26460 13570
27380 12650
27060 12970
26900 13130
26180 13850
27780 12250
25180 14850
27540 12490
27340 12690
27220 12810
27580 12450
26540 13490
27620 12410
25860 14170
26860 13170
27660 12370
26020 14010
27580 12450
27740 12290
26140 13890
28380 11650
27700 12330
26620 13410
25460 14570
27300 12730
26300 13730
24780 15250
26460 13570
27260 12770
26500 13530
26060 13970
26500 13530
25380 14650
26860 13170
25740 14290
26500 13530
25540 14490
26900 13130
26620 13410
27500 12530
27300 12730
26020 14010
26940 13090
27020 13010
25900 14130
26180 13850
27060 12970
26820 13210
26180 13850
28180 11850
26700 13330
26580 13450
26420 13610
26140 13890
27140 12890
25140 14890
27860 12170
26260 13770
26900 13130
27140 12890
26900 13130
26460 13570
26540 13490
26020 14010
26340 13690
27180 12850
26060 13970
27540 12490
26740 13290
26140 13890
27260 12770
25940 14090
26900 13130
27100 12930
27580 12450
27700 12330
26460 13570
26340 13690
26580 13450
25380 14650
26740 13290
26580 13450
26060 13970
26780 13250
26540 13490
25860 14170
27780 12250
25940 14090
27060 12970
27180 12850
27420 12610
26460 13570
26060 13970
27100 12930
26620 13410
26540 13490
26260 13770
26660 13370
27300 12730
26020 14010
26340 13690
26100 13930
26260 13770
26340 13690
26900 13130
27620 12410
27340 12690
26940 13090
27380 12650
27260 12770
26540 13490
26060 13970
26460 13570
25660 14370
26260 13770
27420 12610
26260 13770
27580 12450
26700 13330
26260 13770
26980 13050
28140 11890
27500 12530
26900 13130
26500 13530
26380 13650
26980 13050
26700 13330
25940 14090
25780 14250
26820 13210
26820 13210
25700 14330
27300 12730
27740 12290
26900 13130
26500 13530
25460 14570
26660 13370
26980 13050
26380 13650
27340 12690
26260 13770
25900 14130
26740 13290
26820 13210
27460 12570
27460 12570
26940 13090
25740 14290
26940 13090
27180 12850
26900 13130
26500 13530
26300 13730
26540 13490
25220 14810
25380 14650
26500 13530
26140 13890
28060 11970
26780 13250
26220 13810
25260 14770
27220 12810
25740 14290
26780 13250
27460 12570
26180 13850
27100 12930
26420 13610
25180 14850
27100 12930
26620 13410
27380 12650
27100 12930
26900 13130
25540 14490
27260 12770
28220 11810
27500 12530
27580 12450
26060 13970
27820 12210
26740 13290
26900 13130
26500 13530
27660 12370
27100 12930
26300 13730
26300 13730
26020 14010
27380 12650
28020 12010
26220 13810
27620 12410
27780 12250
26300 13730
25980 14050
27460 12570
26860 13170
26260 13770
28180 11850
26620 13410
26660 13370
27340 12690
26700 13330
27140 12890
27020 13010
27140 12890
27180 12850
26140 13890
26060 13970
27220 12810
26580 13450
26780 13250
27220 12810
26700 13330
27020 13010
26260 13770
27180 12850
26780 13250
27340 12690
25900 14130
26540 13490
26980 13050
26140 13890
27060 12970
26500 13530
26620 13410
27780 12250
26180 13850
28460 11570
26260 13770
27060 12970
26500 13530
27220 12810
26780 13250
26020 14010
26260 13770
26740 13290
27300 12730
26260 13770
25700 14330
25740 14290
27660 12370
26180 13850
26620 13410
26060 13970
26900 13130
25900 14130
25980 14050
26700 13330
26860 13170
26140 13890
26580 13450
27780 12250
26060 13970
27140 12890
26860 13170
26940 13090
26700 13330
27580 12450
26140 13890
27140 12890
26620 13410
27100 12930
26900 13130
26500 13530
25940 14090
27500 12530
26020 14010
25980 14050
27100 12930
26140 13890
27700 12330
25660 14370
26820 13210
25100 14930
25260 14770
27020 13010
25860 14170
26380 13650
26820 13210
26380 13650
26700 13330
26220 13810
26620 13410
27220 12810
26820 13210
26740 13290
26100 13930
26820 13210
26780 13250
27820 12210
27540 12490
26860 13170
26940 13090
27500 12530
25460 14570
26340 13690
26340 13690
26820 13210
26420 13610
26020 14010
27860 12170
27020 13010
26300 13730
27100 12930
27180 12850
26300 13730
25300 14730
26220 13810
26860 13170
26220 13810
27260 12770
25940 14090
26180 13850
26900 13130
26020 14010
26780 13250
25780 14250
26900 13130
25820 14210
27180 12850
26980 13050
27300 12730
26940 13090
26500 13530
28340 11690
25620 14410
27820 12210
26020 14010
27420 12610
27500 12530
26060 13970
27380 12650
27260 12770
25940 14090
26420 13610
27900 12130
27260 12770
27020 13010
27740 12290
26620 13410
27420 12610
26700 13330
26780 13250
27420 12610
26900 13130
27020 13010
27020 13010
26180 13850
27380 12650
27140 12890
26540 13490
27580 12450
26700 13330
26020 14010
26820 13210
26140 13890
26060 13970
26300 13730
26860 13170
26700 13330
26100 13930
27100 12930
26980 13050
27180 12850
26940 13090
27300 12730
27100 12930
26660 13370
26540 13490
26700 13330
26020 14010
26100 13930
27420 12610
27460 12570
27300 12730
27180 12850
26980 13050
26940 13090
26660 13370
27700 12330
27300 12730
27060 12970
26300 13730
26860 13170
26340 13690
26500 13530
26020 14010
25500 14530
26540 13490
27540 12490
26820 13210
26780 13250
26580 13450
27220 12810
27820 12210
27140 12890
26580 13450
26100 13930
26260 13770
27300 12730
26220 13810
26340 13690
26580 13450
27540 12490
26140 13890
27620 12410
25700 14330
26580 13450
26540 13490
26180 13850
25900 14130
27460 12570
27660 12370
26500 13530
28020 12010
27140 12890
26580 13450
27020 13010
27180 12850
26860 13170
26300 13730
27100 12930
27220 12810
26740 13290
27020 13010
26420 13610
26540 13490
26380 13650
26780 13250
27300 12730
26380 13650
27100 12930
27140 12890
27540 12490
25820 14210
25340 14690
27340 12690
26620 13410
27420 12610
26060 13970
25260 14770
25820 14210
25460 14570
26980 13050
26620 13410
27060 12970
26740 13290
26060 13970
26780 13250
26580 13450
27140 12890
25860 14170
26300 13730
27500 12530
27460 12570
26500 13530
26660 13370
26180 13850
26780 13250
26540 13490
26420 13610
25700 14330
26260 13770
27420 12610
25460 14570
26500 13530
26380 13650
27100 12930
25900 14130
26740 13290
26100 13930
27700 12330
26060 13970
26300 13730
27300 12730
26540 13490
27660 12370
27300 12730
26260 13770
27460 12570
26020 14010
26660 13370
25820 14210
26700 13330
26660 13370
27060 12970
26700 13330
26500 13530
26060 13970
28300 11730
25540 14490
26420 13610
26820 13210
26540 13490
25220 14810
26900 13130
27300 12730
27060 12970
26100 13930
27020 13010
25620 14410
26500 13530
26660 13370
26820 13210
27380 12650
26020 14010
27140 12890
26940 13090
26620 13410
27220 12810
26660 13370
27620 12410
26940 13090
27060 12970
28180 11850
26860 13170
27340 12690
25980 14050
26620 13410
27340 12690
26180 13850
26260 13770
26260 13770
26740 13290
26500 13530
27380 12650
25620 14410
26020 14010
26540 13490
27580 12450
26300 13730
26380 13650
26380 13650
26180 13850
26260 13770
25620 14410
27020 13010
24540 15490
27140 12890
27020 13010
26300 13730
27580 12450
27260 12770
25900 14130
27780 12250
26540 13490
26900 13130
27980 12050
27540 12490
27300 12730
25820 14210
26580 13450
26500 13530
26980 13050
26460 13570
26620 13410
25860 14170
26500 13530
27820 12210
26220 13810
26860 13170
27020 13010
26740 13290
26580 13450
26980 13050
26540 13490
25940 14090
26980 13050
26740 13290
26060 13970
26460 13570
26980 13050
26660 13370
26540 13490
26700 13330
26620 13410
25980 14050
26780 13250
25580 14450
25260 14770
27060 12970
26980 13050
26420 13610
26860 13170
25780 14250
26780 13250
26500 13530
25860 14170
27260 12770
25620 14410
26260 13770
26420 13610
25660 14370
26020 14010
26460 13570
26500 13530
26180 13850
26900 13130
26700 13330
27060 12970
27100 12930
27180 12850
26180 13850
26420 13610
26260 13770
27020 13010
26180 13850
27860 12170
26660 13370
26580 13450
27140 12890
26300 13730
26940 13090
26580 13450
24900 15130
26500 13530
26620 13410
27980 12050
26460 13570
26900 13130
26540 13490
26420 13610
27020 13010
27140 12890
27100 12930
26540 13490
26140 13890
26660 13370
26260 13770
27700 12330
26900 13130
27580 12450
27100 12930
26260 13770
27060 12970
27220 12810
26580 13450
27100 12930
26500 13530
26180 13850
26340 13690
25900 14130
26100 13930
26020 14010
27220 12810
25900 14130
27220 12810
25780 14250
26260 13770
26300 13730
26980 13050
26460 13570
27380 12650
27100 12930
27300 12730
27020 13010
25580 14450
26900 13130
26820 13210
27460 12570
25940 14090
27180 12850
26900 13130
26780 13250
25500 14530
27140 12890
26900 13130
26700 13330
26700 13330
27500 12530
27260 12770
27620 12410
27020 13010
27260 12770
27580 12450
25860 14170
26500 13530
27260 12770
27340 12690
26740 13290
26020 14010
26820 13210
26500 13530
26620 13410
26500 13530
27380 12650
26740 13290
26660 13370
26420 13610
25740 14290
26900 13130
27580 12450
25500 14530
27180 12850
26940 13090
26860 13170
26900 13130
27580 12450
25860 14170
26540 13490
26820 13210
26500 13530
27220 12810
27300 12730
27260 12770
26620 13410
27260 12770
26780 13250
26420 13610
25860 14170
26500 13530
26860 13170
25980 14050
26340 13690
26340 13690
27620 12410
27180 12850
26420 13610
26820 13210
26620 13410
26900 13130
27220 12810
25540 14490
27100 12930
27140 12890
25860 14170
25620 14410
25900 14130
26300 13730
26420 13610
26780 13250
26860 13170
25780 14250
26620 13410
26900 13130
26900 13130
26700 13330
26260 13770
26060 13970
27580 12450
26980 13050
27260 12770
26380 13650
26700 13330
27020 13010
26180 13850
25780 14250
26740 13290
26220 13810
26300 13730
26860 13170
26620 13410
26220 13810
26260 13770
27380 12650
26140 13890
26420 13610
27340 12690
26140 13890
26780 13250
26780 13250
25540 14490
27020 13010
27220 12810
26940 13090
26300 13730
26740 13290
27900 12130
26740 13290
27140 12890
26860 13170
26980 13050
25940 14090
26860 13170
26100 13930
27100 12930
26260 13770
27060 12970
27220 12810
26300 13730
27340 12690
27060 12970
26060 13970
25500 14530
26980 13050
26860 13170
26700 13330
27060 12970
26900 13130
27620 12410
27300 12730
26220 13810
26620 13410
26620 13410
27660 12370
26860 13170
26100 13930
27620 12410
26340 13690
26820 13210
26380 13650
27340 12690
25780 14250
26140 13890
26780 13250
25100 14930
26940 13090
27300 12730
27340 12690
26540 13490
26460 13570
25740 14290
26780 13250
25780 14250
27780 12250
26660 13370
27460 12570
27540 12490
27020 13010
26340 13690
26340 13690
26860 13170
25580 14450
27460 12570
26900 13130
26820 13210
26140 13890
28140 11890
26300 13730
27580 12450
25380 14650
27140 12890
26100 13930
27020 13010
25940 14090
27020 13010
27220 12810
27340 12690
27140 12890
26060 13970
26980 13050
27580 12450
27020 13010
26100 13930
28300 11730
27020 13010
26100 13930
26580 13450
26460 13570
27700 12330
26900 13130
26900 13130
25860 14170
26940 13090
27180 12850
25860 14170
27020 13010
26180 13850
27020 13010
26820 13210
26700 13330
26140 13890
27300 12730
26140 13890
27580 12450
26340 13690
26900 13130
25820 14210
26820 13210
26540 13490
26180 13850
26860 13170
27020 13010
26300 13730
26700 13330
25940 14090
25900 14130
26580 13450
25820 14210
26980 13050
26500 13530
26940 13090
26860 13170
26260 13770
25700 14330
26620 13410
26620 13410
26180 13850
26660 13370
26140 13890
26220 13810
27860 12170
27260 12770
26260 13770
26740 13290
26580 13450
26100 13930
26580 13450
27300 12730
26980 13050
26700 13330
27460 12570
25900 14130
27060 12970
25900 14130
26900 13130
26460 13570
26660 13370
27180 12850
26260 13770
27100 12930
26740 13290
26380 13650
27020 13010
26820 13210
26180 13850
27180 12850
26980 13050
25300 14730
27140 12890
25100 14930
26580 13450
27060 12970
26620 13410
26780 13250
27580 12450
27380 12650
27100 12930
26180 13850
25500 14530
26700 13330
26220 13810
26020 14010
27300 12730
25980 14050
25340 14690
26820 13210
26580 13450
26260 13770
25980 14050
27180 12850
27100 12930
27300 12730
26460 13570
26460 13570
25620 14410
28420 11610
26580 13450
25900 14130
27180 12850
27340 12690
28260 11770
26260 13770
26620 13410
26540 13490
26420 13610
26700 13330
26380 13650
25740 14290
26780 13250
27340 12690
26460 13570
27700 12330
26660 13370
26020 14010
27620 12410
26780 13250
26020 14010
26940 13090
26820 13210
26700 13330
27700 12330
25740 14290
26740 13290
26820 13210
27660 12370
26500 13530
27740 12290
26820 13210
26340 13690
27580 12450
26420 13610
27220 12810
27020 13010
26420 13610
27420 12610
26300 13730
26780 13250
26060 13970
26620 13410
26940 13090
28260 11770
26380 13650
26900 13130
26700 13330
25660 14370
26740 13290
26420 13610
25580 14450
27060 12970
26060 13970
26900 13130
26260 13770
26340 13690
26980 13050
27140 12890
27140 12890
26860 13170
26620 13410
26940 13090
27340 12690
27100 12930
26140 13890
26300 13730
26460 13570
27340 12690
26940 13090
26100 13930
27260 12770
26020 14010
26860 13170
26700 13330
25940 14090
27420 12610
26100 13930
26420 13610
26220 13810
26300 13730
25460 14570
25580 14450
26900 13130
26660 13370
26580 13450
26500 13530
26300 13730
26780 13250
26820 13210
26500 13530
27860 12170
26420 13610
26180 13850
26780 13250
26300 13730
25980 14050
26780 13250
26380 13650
26060 13970
26500 13530
26420 13610
27100 12930
26900 13130
27380 12650
27180 12850
27900 12130
27380 12650
28020 12010
25100 14930
25940 14090
25980 14050
26980 13050
27860 12170
26860 13170
25220 14810
27500 12530
25980 14050
26900 13130
27460 12570
27540 12490
25980 14050
25980 14050
26420 13610
26380 13650
26940 13090
25820 14210
27660 12370
27180 12850
26780 13250
26860 13170
26980 13050
27220 12810
27140 12890
26820 13210
26500 13530
27180 12850
25900 14130
25900 14130
27820 12210
25940 14090
26900 13130
26580 13450
27580 12450
26700 13330
26180 13850
25780 14250
27180 12850
26700 13330
26140 13890
27420 12610
26500 13530
26020 14010
27660 12370
25780 14250
26460 13570
27100 12930
26780 13250
27620 12410
27420 12610
26540 13490
25900 14130
26140 13890
25980 14050
26780 13250
26380 13650
26780 13250
26460 13570
26380 13650
26820 13210
26860 13170
26020 14010
26940 13090
26140 13890
26340 13690
25740 14290
27220 12810
26220 13810
25540 14490
27140 12890
26180 13850
26820 13210
26340 13690
25420 14610
26300 13730
26500 13530
27140 12890
26860 13170
27020 13010
26420 13610
27300 12730
26220 13810
27500 12530
27740 12290
26940 13090
25860 14170
25780 14250
27300 12730
25580 14450
26300 13730
26420 13610
26980 13050
26940 13090
26820 13210
26860 13170
26540 13490
26860 13170
26500 13530
26940 13090
25820 14210
27060 12970
25900 14130
26340 13690
27140 12890
26060 13970
26660 13370
27300 12730
26220 13810
26820 13210
26780 13250
25540 14490
28100 11930
25860 14170
27100 12930
25500 14530
27340 12690
26780 13250
26900 13130
26620 13410
26260 13770
27380 12650
26620 13410
27020 13010
26820 13210
27660 12370
25700 14330
27100 12930
26220 13810
26860 13170
27180 12850
25940 14090
26620 13410
27620 12410
25900 14130
26340 13690
27980 12050
25820 14210
26620 13410
26780 13250
26140 13890
26940 13090
26100 13930
25940 14090
26940 13090
26900 13130
25700 14330
26460 13570
25580 14450
27020 13010
28140 11890
26620 13410
26980 13050
25940 14090
26460 13570
26500 13530
26700 13330
26980 13050
25660 14370
26820 13210
26780 13250
27780 12250
27420 12610
25580 14450
25900 14130
26860 13170
25980 14050
26140 13890
27260 12770
26580 13450
26340 13690
25500 14530
26740 13290
26500 13530
27540 12490
26660 13370
26260 13770
26660 13370
27380 12650
27540 12490
26460 13570
28100 11930
26020 14010
26940 13090
25820 14210
27420 12610
26300 13730
27180 12850
27060 12970
27140 12890
26420 13610
26580 13450
26660 13370
27140 12890
28620 11410
26940 13090
27220 12810
26260 13770
26580 13450
26860 13170
26300 13730
26900 13130
26300 13730
26460 13570
27060 12970
28220 11810
27180 12850
26980 13050
26580 13450
27740 12290
27860 12170
26700 13330
25780 14250
25900 14130
26980 13050
26220 13810
27420 12610
27780 12250
26700 13330
25780 14250
27100 12930
26700 13330
26220 13810
27060 12970
26300 13730
27820 12210
26780 13250
27180 12850
26420 13610
26980 13050
26220 13810
26700 13330
27380 12650
26740 13290
25020 15010
27820 12210
27020 13010
27220 12810
27060 12970
26500 13530
27460 12570
26180 13850
25820 14210
26340 13690
26580 13450
25900 14130
26140 13890
26820 13210
26660 13370
26420 13610
26700 13330
27020 13010
27260 12770
26860 13170
26580 13450
26420 13610
26140 13890
26180 13850
27180 12850
27380 12650
26620 13410
26180 13850
27140 12890
26580 13450
27060 12970
26860 13170
26140 13890
27300 12730
26460 13570
25540 14490
27340 12690
27620 12410
26180 13850
27300 12730
25820 14210
26660 13370
26700 13330
27580 12450
27100 12930
27260 12770
26660 13370
25660 14370
26540 13490
27020 13010
27020 13010
26220 13810
26980 13050
27420 12610
26380 13650
26300 13730
26540 13490
25780 14250
26500 13530
27220 12810
26420 13610
26900 13130
25660 14370
27260 12770
27500 12530
26620 13410
26780 13250
26380 13650
26700 13330
25620 14410
26940 13090
26820 13210
26300 13730
25860 14170
27100 12930
26140 13890
26140 13890
26780 13250
27460 12570
26900 13130
26780 13250
26340 13690
25460 14570
25700 14330
27980 12050
27300 12730
26940 13090
27020 13010
26300 13730
27980 12050
26540 13490
27740 12290
26100 13930
26220 13810
26780 13250
26100 13930
26980 13050
25940 14090
27020 13010
27180 12850
26020 14010
26020 14010
27020 13010
27500 12530
27420 12610
26860 13170
25940 14090
25900 14130
26100 13930
26140 13890
25540 14490
26940 13090
26980 13050
26180 13850
27380 12650
26460 13570
26460 13570
25900 14130
27060 12970
27020 13010
27340 12690
25140 14890
25740 14290
26780 13250
26020 14010
26460 13570
26100 13930
26980 13050
28260 11770
27420 12610
26860 13170
25900 14130
26860 13170
26620 13410
27380 12650
25620 14410
27900 12130
25180 14850
25940 14090
26180 13850
26980 13050
26060 13970
26900 13130
26900 13130
26260 13770
26300 13730
25700 14330
25260 14770
26900 13130
27300 12730
25060 14970
26620 13410
26340 13690
27140 12890
27220 12810
27260 12770
26140 13890
26780 13250
27580 12450
26940 13090
27460 12570
27900 12130
25460 14570
26260 13770
27820 12210
27260 12770
27140 12890
27100 12930
26380 13650
27140 12890
26940 13090
26700 13330
27060 12970
26980 13050
26500 13530
27140 12890
26500 13530
27380 12650
27220 12810
26660 13370
27220 12810
26540 13490
28220 11810
27340 12690
26380 13650
25780 14250
26060 13970
25940 14090
27300 12730
26300 13730
25700 14330
27060 12970
27300 12730
26340 13690
26060 13970
26660 13370
27180 12850
26860 13170
27220 12810
26420 13610
27460 12570
26300 13730
26860 13170
27340 12690
27300 12730
25060 14970
25740 14290
26140 13890
25980 14050
26500 13530
27260 12770
26860 13170
26540 13490
27300 12730
27460 12570
26500 13530
27460 12570
27300 12730
27420 12610
27020 13010
27260 12770
26100 13930
26380 13650
27660 12370
26020 14010
26980 13050
27500 12530
26820 13210
26900 13130
26260 13770
26620 13410
27060 12970
27660 12370
27420 12610
26940 13090
26540 13490
26860 13170
26420 13610
26580 13450
26780 13250
25020 15010
24820 15210
26420 13610
27380 12650
26460 13570
26660 13370
26860 13170
26380 13650
26340 13690
27580 12450
27620 12410
26700 13330
27020 13010
26420 13610
27340 12690
26140 13890
26940 13090
28100 11930
25860 14170
26980 13050
25780 14250
27180 12850
27020 13010
26540 13490
27260 12770
27220 12810
26980 13050
26540 13490
26820 13210
25700 14330
27260 12770
26980 13050
27540 12490
26020 14010
26500 13530
26380 13650
27100 12930
26700 13330
26860 13170
25740 14290
26940 13090
27020 13010
26980 13050
26460 13570
26260 13770
27540 12490
25980 14050
26100 13930
26420 13610
26420 13610
26620 13410
25980 14050
26900 13130
26460 13570
26100 13930
25900 14130
26940 13090
25620 14410
26460 13570
28100 11930
26700 13330
25780 14250
26500 13530
26940 13090
27020 13010
27180 12850
26940 13090
26580 13450
25620 14410
25620 14410
26820 13210
26900 13130
26340 13690
26220 13810
26780 13250
26740 13290
27740 12290
26460 13570
27260 12770
26860 13170
26740 13290
27380 12650
26620 13410
26180 13850
26180 13850
27220 12810
26620 13410
26620 13410
26140 13890
26620 13410
26660 13370
25620 14410
27260 12770
27820 12210
26020 14010
27100 12930
26420 13610
26700 13330
25580 14450
26700 13330
28100 11930
26300 13730
26180 13850
25820 14210
26940 13090
27460 12570
26380 13650
27260 12770
28100 11930
27420 12610
26500 13530
26780 13250
26940 13090
26900 13130
26420 13610
26540 13490
28020 12010
26980 13050
27580 12450
27300 12730
26900 13130
27340 12690
25940 14090
26380 13650
25700 14330
26860 13170
27340 12690
27140 12890
27060 12970
26020 14010
25820 14210
25220 14810
26340 13690
26660 13370
26660 13370
26820 13210
26460 13570
26580 13450
27500 12530
26380 13650
27020 13010
27140 12890
26020 14010
26260 13770
26700 13330
27380 12650
27260 12770
27820 12210
27460 12570
26740 13290
25980 14050
26700 13330
27380 12650
27460 12570
26820 13210
26580 13450
27780 12250
27060 12970
26100 13930
25620 14410
27060 12970
25620 14410
27180 12850
26980 13050
26780 13250
27020 13010
26100 13930
26860 13170
26860 13170
27740 12290
25820 14210
26620 13410
25180 14850
27060 12970
26220 13810
26340 13690
27100 12930
26300 13730
26660 13370
26220 13810
26700 13330
26100 13930
26060 13970
26140 13890
27660 12370
25660 14370
27180 12850
27580 12450
26140 13890
27460 12570
25820 14210
26340 13690
26980 13050
26660 13370
26620 13410
27140 12890
26500 13530
26860 13170
25340 14690
25780 14250
27540 12490
27060 12970
26700 13330
26820 13210
26380 13650
26700 13330
26900 13130
26860 13170
25740 14290
27380 12650
27060 12970
26580 13450
27060 12970
27540 12490
27020 13010
27420 12610
26620 13410
26140 13890
26820 13210
26700 13330
27300 12730
28060 11970
27180 12850
27020 13010
27740 12290
27260 12770
27340 12690
26300 13730
27380 12650
26260 13770
26580 13450
27060 12970
26660 13370
26740 13290
26060 13970
26940 13090
26660 13370
26780 13250
26380 13650
27540 12490
25580 14450
25820 14210
26980 13050
27020 13010
26420 13610
26740 13290
27180 12850
25580 14450
27060 12970
25940 14090
25980 14050
27660 12370
26780 13250
27100 12930
26740 13290
26660 13370
26860 13170
26900 13130
26260 13770
27140 12890
26500 13530
27020 13010
26780 13250
27260 12770
26460 13570
26540 13490
27460 12570
26660 13370
27100 12930
26220 13810
26740 13290
26300 13730
26420 13610
27060 12970
26580 13450
26260 13770
26260 13770
27020 13010
26140 13890
26060 13970
26020 14010
26620 13410
25940 14090
26420 13610
26260 13770
27020 13010
26660 13370
27300 12730
26620 13410
25940 14090
26140 13890
27260 12770
26300 13730
26020 14010
27300 12730
27220 12810
27020 13010
26300 13730
26260 13770
26500 13530
26580 13450
25020 15010
26660 13370
27700 12330
26540 13490
27180 12850
28060 11970
26020 14010
26940 13090
25780 14250
26940 13090
26380 13650
26820 13210
26300 13730
27260 12770
26180 13850
27300 12730
26500 13530
26940 13090
26740 13290
27300 12730
26860 13170
26940 13090
25820 14210
26900 13130
28060 11970
26060 13970
27180 12850
25900 14130
25620 14410
26180 13850
27100 12930
27180 12850
26100 13930
26060 13970
26220 13810
26500 13530
26340 13690
27260 12770
27580 12450
27460 12570
27460 12570
26700 13330
26100 13930
26460 13570
26820 13210
26740 13290
28420 11610
27460 12570
26260 13770
27300 12730
25980 14050
26620 13410
27100 12930
26740 13290
26740 13290
26300 13730
27020 13010
27740 12290
27140 12890
25940 14090
25940 14090
26500 13530
28020 12010
26940 13090
26500 13530
26220 13810
27300 12730
26580 13450
25540 14490
26940 13090
27900 12130
26660 13370
26940 13090
26540 13490
26060 13970
26260 13770
26300 13730
27100 12930
27500 12530
26780 13250
26620 13410
26140 13890
26580 13450
27820 12210
26420 13610
26220 13810
26780 13250
26620 13410
26820 13210
27660 12370
26340 13690
27260 12770
25900 14130
26500 13530
27580 12450
26380 13650
26620 13410
25700 14330
26820 13210
26340 13690
25980 14050
26540 13490
26580 13450
26380 13650
26380 13650
27380 12650
27020 13010
26780 13250
27620 12410
26580 13450
26820 13210
25980 14050
26340 13690
26900 13130
27260 12770
27700 12330
25620 14410
26540 13490
27180 12850
27140 12890
25460 14570
27100 12930
26980 13050
27380 12650
26740 13290
26460 13570
26100 13930
26980 13050
26540 13490
28140 11890
25940 14090
26820 13210
27020 13010
27260 12770
26620 13410
26060 13970
26980 13050
26460 13570
26340 13690
26060 13970
26780 13250
27380 12650
27140 12890
27260 12770
27260 12770
25420 14610
27140 12890
26980 13050
26540 13490
26500 13530
27380 12650
26260 13770
26700 13330
26340 13690
26340 13690
27580 12450
27420 12610
26660 13370
27100 12930
27340 12690
25380 14650
27140 12890
26500 13530
28100 11930
26420 13610
25900 14130
26700 13330
26300 13730
25260 14770
26060 13970
26860 13170
27580 12450
26780 13250
26220 13810
27460 12570
27140 12890
26980 13050
26940 13090
27060 12970
26940 13090
26580 13450
26780 13250
26980 13050
27300 12730
26380 13650
26500 13530
27420 12610
27620 12410
27180 12850
27300 12730
25540 14490
26580 13450
27300 12730
28020 12010
26700 13330
28580 11450
27380 12650
26940 13090
26540 13490
27220 12810
25900 14130
26940 13090
27740 12290
26540 13490
27740 12290
27460 12570
25980 14050
26740 13290
27140 12890
26460 13570
27460 12570
27460 12570
26460 13570
27260 12770
26700 13330
26900 13130
26580 13450
26460 13570
25620 14410
27180 12850
26060 13970
27140 12890
26420 13610
27140 12890
26940 13090
27940 12090
26500 13530
25740 14290
26140 13890
26340 13690
26420 13610
26380 13650
27340 12690
26380 13650
26140 13890
26660 13370
26420 13610
26340 13690
26580 13450
27300 12730
26860 13170
26220 13810
27700 12330
26420 13610
26180 13850
26980 13050
25500 14530
26340 13690
26060 13970
26540 13490
27260 12770
25460 14570
27380 12650
27060 12970
27620 12410
27020 13010
27140 12890
27180 12850
26700 13330
26740 13290
26940 13090
26620 13410
26500 13530
25700 14330
26820 13210
26580 13450
27340 12690
26420 13610
26820 13210
25740 14290
27260 12770
27460 12570
26980 13050
27740 12290
27020 13010
25780 14250
26180 13850
26420 13610
26060 13970
26300 13730
26780 13250
26620 13410
26420 13610
26580 13450
25740 14290
27100 12930
26220 13810
26780 13250
26860 13170
26100 13930
26380 13650
27020 13010
26460 13570
27340 12690
27260 12770
27180 12850
26580 13450
26060 13970
27180 12850
27060 12970
26500 13530
26540 13490
26260 13770
27220 12810
27420 12610
27340 12690
26020 14010
27220 12810
25820 14210
25460 14570
27020 13010
27220 12810
26140 13890
26140 13890
27460 12570
26780 13250
27740 12290
26460 13570
26540 13490
26980 13050
26220 13810
26860 13170
26580 13450
26580 13450
25700 14330
26740 13290
27340 12690
26940 13090
26580 13450
25380 14650
27460 12570
26660 13370
27740 12290
25620 14410
27140 12890
26380 13650
27060 12970
24340 15690
27500 12530
26300 13730
27540 12490
26220 13810
26940 13090
26980 13050
26740 13290
26900 13130
26780 13250
27100 12930
26460 13570
26860 13170
26220 13810
26180 13850
26380 13650
26220 13810
25580 14450
26220 13810
26860 13170
26420 13610
27060 12970
27060 12970
28140 11890
26220 13810
27140 12890
26220 13810
27340 12690
25620 14410
26580 13450
25780 14250
26860 13170
27580 12450
26060 13970
26220 13810
26940 13090
27580 12450
27060 12970
27460 12570
27060 12970
27380 12650
25820 14210
26740 13290
26340 13690
27180 12850
27140 12890
26700 13330
26060 13970
27860 12170
27180 12850
27580 12450
26740 13290
26820 13210
26300 13730
26140 13890
25820 14210
27500 12530
25820 14210
27060 12970
26500 13530
26340 13690
27620 12410
27500 12530
26460 13570
27060 12970
26820 13210
26980 13050
26700 13330
27100 12930
26580 13450
26700 13330
26540 13490
26860 13170
27420 12610
26180 13850
26900 13130
26460 13570
26180 13850
25900 14130
26020 14010
26820 13210
24380 15650
26660 13370
26860 13170
27340 12690
26740 13290
27620 12410
26900 13130
26460 13570
26220 13810
25620 14410
26540 13490
27140 12890
27540 12490
27340 12690
26980 13050
26500 13530
27100 12930
26340 13690
26980 13050
26300 13730
26980 13050
26980 13050
26260 13770
25820 14210
26060 13970
26700 13330
26140 13890
26980 13050
26700 13330
27060 12970
27820 12210
25420 14610
26580 13450
27260 12770
25660 14370
26940 13090
27220 12810
26460 13570
25900 14130
27060 12970
27300 12730
26580 13450
26380 13650
27740 12290
27180 12850
26900 13130
26140 13890
26780 13250
27260 12770
25300 14730
26940 13090
26100 13930
26780 13250
28020 12010
27860 12170
26380 13650
27580 12450
26820 13210
26180 13850
25740 14290
26540 13490
26260 13770
27220 12810
26180 13850
26580 13450
27580 12450
26700 13330
26260 13770
26260 13770
26780 13250
27460 12570
26500 13530
27180 12850
26460 13570
26460 13570
26540 13490
26380 13650
26580 13450
26740 13290
27140 12890
26820 13210
26020 14010
27620 12410
27100 12930
26940 13090
27340 12690
25740 14290
25860 14170
26380 13650
26900 13130
25860 14170
27140 12890
27420 12610
27220 12810
26260 13770
27180 12850
27020 13010
26860 13170
26060 13970
26380 13650
26300 13730
26420 13610
27220 12810
27300 12730
26420 13610
26900 13130
27140 12890
25780 14250
25860 14170
25540 14490
26820 13210
27420 12610
26060 13970
26780 13250
25940 14090
26260 13770
27420 12610
26700 13330
26180 13850
26860 13170
24780 15250
27220 12810
26140 13890
27620 12410
27420 12610
26740 13290
27300 12730
25860 14170
26940 13090
27100 12930
27100 12930
26580 13450
27020 13010
27900 12130
26900 13130
26500 13530
26740 13290
26460 13570
26460 13570
27220 12810
26220 13810
26740 13290
25780 14250
26140 13890
28020 12010
26580 13450
27180 12850
26420 13610
27300 12730
26940 13090
25820 14210
26580 13450
26620 13410
26020 14010
26580 13450
27060 12970
26820 13210
27620 12410
26460 13570
26660 13370
26620 13410
26780 13250
26620 13410
27020 13010
24820 15210
28020 12010
25700 14330
27380 12650
27260 12770
25540 14490
25900 14130
26620 13410
27620 12410
26460 13570
26140 13890
26300 13730
26940 13090
26780 13250
25420 14610
26420 13610
26580 13450
26900 13130
27260 12770
26020 14010
27100 12930
26940 13090
26980 13050
26340 13690
26740 13290
27260 12770
25860 14170
27700 12330
28020 12010
25860 14170
27060 12970
26420 13610
26340 13690
26500 13530
26460 13570
26780 13250
26820 13210
26900 13130
26580 13450
26860 13170
27740 12290
25980 14050
26940 13090
26580 13450
25940 14090
26860 13170
26540 13490
26460 13570
27140 12890
26980 13050
27620 12410
27660 12370
25780 14250
26660 13370
27580 12450
26780 13250
26300 13730
27500 12530
26300 13730
27580 12450
27660 12370
26420 13610
27260 12770
27020 13010
26140 13890
26220 13810
26940 13090
26740 13290
28260 11770
26820 13210
26380 13650
26740 13290
25900 14130
26500 13530
26860 13170
26780 13250
25980 14050
26020 14010
26220 13810
27100 12930
26380 13650
27300 12730
27020 13010
28020 12010
27060 12970
25580 14450
26180 13850
26620 13410
26460 13570
27420 12610
25540 14490
26620 13410
27180 12850
26660 13370
26620 13410
27580 12450
25900 14130
27020 13010
25980 14050
26780 13250
26660 13370
27020 13010
27260 12770
25020 15010
26780 13250
26740 13290
26660 13370
26820 13210
26460 13570
26460 13570
26420 13610
25940 14090
26260 13770
26500 13530
26300 13730
26940 13090
26860 13170
26740 13290
26980 13050
27580 12450
26700 13330
26820 13210
26980 13050
26860 13170
27780 12250
26940 13090
26700 13330
25900 14130
27620 12410
25740 14290
26060 13970
27380 12650
26020 14010
27140 12890
27060 12970
26700 13330
26860 13170
27420 12610
26780 13250
27260 12770
28100 11930
26820 13210
26020 14010
26100 13930
25820 14210
26980 13050
26500 13530
27260 12770
27940 12090
25980 14050
26140 13890
25340 14690
27100 12930
27180 12850
26260 13770
25700 14330
27500 12530
26700 13330
27900 12130
26340 13690
26900 13130
25740 14290
26580 13450
26060 13970
26820 13210
26900 13130
27340 12690
26220 13810
27100 12930
27180 12850
26540 13490
26540 13490
26540 13490
26020 14010
26780 13250
27420 12610
24940 15090
26740 13290
26220 13810
25980 14050
26060 13970
27100 12930
26860 13170
27860 12170
27420 12610
26180 13850
26820 13210
25900 14130
26980 13050
26620 13410
26420 13610
27060 12970
26420 13610
27180 12850
26580 13450
27020 13010
26300 13730
27260 12770
26260 13770
26740 13290
26980 13050
26300 13730
27340 12690
26060 13970
25780 14250
26260 13770
27420 12610
26540 13490
26300 13730
26620 13410
26180 13850
26620 13410
26900 13130
27220 12810
25500 14530
25900 14130
26940 13090
26420 13610
26860 13170
26500 13530
25940 14090
26060 13970
26300 13730
27380 12650
26780 13250
26580 13450
26100 13930
26540 13490
26380 13650
27220 12810
26380 13650
27500 12530
26260 13770
26980 13050
26140 13890
26860 13170
25860 14170
27060 12970
26460 13570
25820 14210
25660 14370
27100 12930
26140 13890
25980 14050
27380 12650
26740 13290
27140 12890
26820 13210
26620 13410
26100 13930
26300 13730
27260 12770
26700 13330
27900 12130
26780 13250
26820 13210
26340 13690
26460 13570
26260 13770
26460 13570
26340 13690
26820 13210
27820 12210
25820 14210
25220 14810
27220 12810
26820 13210
26020 14010
26900 13130
26500 13530
26340 13690
26500 13530
26660 13370
27420 12610
27020 13010
27260 12770
26980 13050
26060 13970
27700 12330
26140 13890
27300 12730
26780 13250
26980 13050
26500 13530
27540 12490
28500 11530
26740 13290
27300 12730
25780 14250
26020 14010
26540 13490
26620 13410
26540 13490
26260 13770
26180 13850
26420 13610
28180 11850
27420 12610
26220 13810
27540 12490
26820 13210
25940 14090
26540 13490
26980 13050
25980 14050
26620 13410
27580 12450
26100 13930
26980 13050
26620 13410
27700 12330
26740 13290
26060 13970
26180 13850
26660 13370
27180 12850
26380 13650
27180 12850
26620 13410
26100 13930
26980 13050
25940 14090
26340 13690
27340 12690
26660 13370
26860 13170
26260 13770
27100 12930
25780 14250
27020 13010
26540 13490
25620 14410
27540 12490
25740 14290
27540 12490
26540 13490
26860 13170
26860 13170
27380 12650
26100 13930
27820 12210
26540 13490
26380 13650
26540 13490
26060 13970
26540 13490
27540 12490
26700 13330
25620 14410
27420 12610
27260 12770
26940 13090
26260 13770
26620 13410
27020 13010
27020 13010
26780 13250
27780 12250
26940 13090
26380 13650
26500 13530
27180 12850
26860 13170
27260 12770
26540 13490
27980 12050
26180 13850
26540 13490
26540 13490
25460 14570
26700 13330
26340 13690
26260 13770
25820 14210
26580 13450
26100 13930
26140 13890
26220 13810
25860 14170
26740 13290
27140 12890
27500 12530
25740 14290
27220 12810
25820 14210
25700 14330
26260 13770
26220 13810
26740 13290
26740 13290
26780 13250
26860 13170
27260 12770
26340 13690
26780 13250
27540 12490
26180 13850
27500 12530
27100 12930
27700 12330
27260 12770
27300 12730
26820 13210
27540 12490
26500 13530
26740 13290
25460 14570
27580 12450
26020 14010
26700 13330
26660 13370
26820 13210
25740 14290
26060 13970
26900 13130
27620 12410
26420 13610
26820 13210
27300 12730
26460 13570
26020 14010
27220 12810
27300 12730
27180 12850
26060 13970
27980 12050
26340 13690
27460 12570
26300 13730
26020 14010
27060 12970
26540 13490
27020 13010
26340 13690
26700 13330
27820 12210
26780 13250
26980 13050
27460 12570
26740 13290
26940 13090
27500 12530
26700 13330
26380 13650
26260 13770
27020 13010
26140 13890
25980 14050
27220 12810
26180 13850
26860 13170
25700 14330
26100 13930
26300 13730
27100 12930
26380 13650
27660 12370
26300 13730
26300 13730
26340 13690
28420 11610
27020 13010
27260 12770
25900 14130
26820 13210
26020 14010
27020 13010
25740 14290
26340 13690
25300 14730
26620 13410
27260 12770
25260 14770
25740 14290
26540 13490
27100 12930
26700 13330
27260 12770
27260 12770
27860 12170
25940 14090
26580 13450
25900 14130
27060 12970
27740 12290
27140 12890
26420 13610
27140 12890
27140 12890
27380 12650
26900 13130
27620 12410
26540 13490
27020 13010
27380 12650
26900 13130
26660 13370
27340 12690
25420 14610
26780 13250
27060 12970
27180 12850
27380 12650
26060 13970
26540 13490
26820 13210
25500 14530
24860 15170
26900 13130
26340 13690
26340 13690
26260 13770
26340 13690
26700 13330
26940 13090
26660 13370
26940 13090
27140 12890
25660 14370
26540 13490
26260 13770
27060 12970
26540 13490
26620 13410
26620 13410
26700 13330
26140 13890
27660 12370
26260 13770
26380 13650
26380 13650
27100 12930
27500 12530
27220 12810
27540 12490
26580 13450
26860 13170
26980 13050
26820 13210
26940 13090
26020 14010
26460 13570
25300 14730
28060 11970
27180 12850
27100 12930
26580 13450
26980 13050
26780 13250
25860 14170
26860 13170
26260 13770
25980 14050
26700 13330
27220 12810
26860 13170
26940 13090
