39780 250
11020 29010
180 39850
33900 6130
9900 30130
39980 50
340 39690
15220 24810
28060 11970
18020 22010
39740 290
16460 23570
17500 22530
2020 38010
40020 10
37180 2850
19940 20090
21380 18650
35740 4290
39340 690
39620 410
40020 10
38460 1570
31660 8370
40020 10
39860 170
38820 1210
21380 18650
20420 19610
4700 35330
15180 24850
19820 20210
39780 250
40020 10
25820 14210
26380 13650
39620 410
29740 10290
40020 10
2140 37890
40020 10
37340 2690
34260 5770
40020 10
21980 18050
380 39650
40020 10
27260 12770
2060 37970
38340 1690
16420 23610
3820 36210
33900 6130
40020 10
26740 13290
900 39130
1740 38290
39300 730
18500 21530
32980 7050
33340 6690
38260 1770
33900 6130
38420 1610
38580 1450
8900 31130
38860 1170
40020 10
39940 90
35580 4450
39940 90
380 39650
40020 10
38180 1850
39740 290
30740 9290
39860 170
32260 7770
18500 21530
20340 19690
5300 34730
5140 34890
60 39970
28060 11970
36260 3770
39860 170
40020 10
2740 37290
24380 15650
38260 1770
2500 37530
39380 650
620 39410
7980 32050
260 39770
37180 2850
7620 32410
40020 10
8100 31930
22860 17170
39980 50
40020 10
39620 410
40020 10
40020 10
36940 3090
2380 37650
35460 4570
32100 7930
1940 38090
39940 90
36060 3970
37180 2850
39860 170
33620 6410
28820 11210
26300 13730
39740 290
13460 26570
39460 570
33900 6130
3860 36170
20 40010
100 39930
30980 9050
24300 15730
20740 19290
39100 930
22700 17330
9540 30490
40020 10
2060 37970
7460 32570
23220 16810
34220 5810
40020 10
27620 12410
8700 31330
40020 10
6300 33730
39500 530
29260 10770
39500 530
32980 7050
2180 37850
37260 2770
36420 3610
39820 210
16740 23290
540 39490
39580 450
26100 13930
15820 24210
40020 10
15780 24250
40020 10
31780 8250
23620 16410
9340 30690
39220 810
33380 6650
100 39930
34180 5850
34060 5970
29420 10610
9180 30850
10340 29690
23700 16330
380 39650
35300 4730
38660 1370
31220 8810
39540 490
34260 5770
5140 34890
40020 10
36660 3370
3620 36410
5700 34330
39980 50
39900 130
28900 11130
37940 2090
38020 2010
36900 3130
37220 2810
4180 35850
37900 2130
38700 1330
20 40010
40020 10
6740 33290
5140 34890
28260 11770
31540 8490
3820 36210
21260 18770
1820 38210
29740 10290
38940 1090
39020 1010
34900 5130
30660 9370
60 39970
38580 1450
39460 570
27180 12850
38420 1610
40020 10
30260 9770
24980 15050
22740 17290
35140 4890
620 39410
36060 3970
39820 210
4780 35250
16980 23050
40020 10
10300 29730
40020 10
16900 23130
60 39970
40020 10
26580 13450
39940 90
8780 31250
19940 20090
23580 16450
2700 37330
40020 10
36260 3770
38100 1930
34620 5410
23140 16890
140 39890
9700 30330
340 39690
35060 4970
29940 10090
39980 50
39860 170
39020 1010
8820 31210
40020 10
38780 1250
8900 31130
39900 130
40020 10
20 40010
38180 1850
37300 2730
39980 50
39540 490
38260 1770
40020 10
39340 690
36420 3610
6860 33170
11300 28730
39900 130
35700 4330
40020 10
25820 14210
28220 11810
3860 36170
25940 14090
5580 34450
39140 890
820 39210
36820 3210
38940 1090
6380 33650
37260 2770
39940 90
31820 8210
860 39170
38500 1530
24820 15210
18100 21930
17140 22890
3220 36810
29900 10130
36060 3970
39620 410
6900 33130
34260 5770
37100 2930
21020 19010
500 39530
32860 7170
39660 370
36780 3250
5060 34970
11260 28770
37940 2090
38900 1130
33220 6810
1900 38130
38820 1210
40020 10
37940 2090
9460 30570
31340 8690
19860 20170
40020 10
60 39970
38020 2010
38220 1810
27340 12690
39940 90
40020 10
3020 37010
2660 37370
37980 2050
500 39530
40020 10
39140 890
35940 4090
40020 10
2780 37250
15500 24530
37060 2970
39300 730
40020 10
40020 10
38300 1730
17380 22650
38900 1130
740 39290
40020 10
1940 38090
9260 30770
35300 4730
39660 370
39940 90
38620 1410
37540 2490
39540 490
35220 4810
29020 11010
37460 2570
39660 370
900 39130
36700 3330
36860 3170
180 39850
39740 290
35220 4810
900 39130
12260 27770
37460 2570
40020 10
40020 10
39700 330
34580 5450
3220 36810
36020 4010
37220 2810
30780 9250
40020 10
4180 35850
6100 33930
40020 10
30820 9210
38660 1370
39780 250
20 40010
24540 15490
33980 6050
26780 13250
40020 10
24420 15610
40020 10
40020 10
14620 25410
29820 10210
16260 23770
14900 25130
38900 1130
40020 10
39820 210
17500 22530
32180 7850
540 39490
25980 14050
2980 37050
39820 210
39820 210
39860 170
39980 50
39860 170
36620 3410
2820 37210
37620 2410
36580 3450
4380 35650
21860 18170
6500 33530
20340 19690
32860 7170
6340 33690
26540 13490
39940 90
19900 20130
460 39570
1740 38290
22620 17410
39860 170
40020 10
30540 9490
18860 21170
24820 15210
38460 1570
8740 31290
36540 3490
40020 10
35580 4450
28180 11850
40020 10
140 39890
39740 290
10980 29050
29980 10050
40020 10
12420 27610
5980 34050
18060 21970
39980 50
5420 34610
40020 10
22100 17930
32780 7250
39300 730
9340 30690
38620 1410
9700 30330
21220 18810
38900 1130
39580 450
1260 38770
38740 1290
34620 5410
38780 1250
20 40010
5620 34410
29140 10890
5140 34890
40020 10
20820 19210
30860 9170
40020 10
39580 450
37580 2450
26580 13450
36780 3250
1020 39010
21700 18330
23820 16210
39780 250
24740 15290
20 40010
21780 18250
180 39850
39660 370
40020 10
22460 17570
34540 5490
28780 11250
29020 11010
40020 10
39020 1010
40020 10
32020 8010
39500 530
37100 2930
40020 10
37460 2570
35340 4690
3820 36210
39860 170
7300 32730
14540 25490
34500 5530
21300 18730
22340 17690
7420 32610
14540 25490
39700 330
40020 10
3700 36330
39380 650
37820 2210
32780 7250
14340 25690
40020 10
4740 35290
11100 28930
39540 490
36860 3170
36860 3170
39900 130
39980 50
33860 6170
37820 2210
19940 20090
6020 34010
11220 28810
7900 32130
6060 33970
2420 37610
38500 1530
6860 33170
11580 28450
37860 2170
39980 50
38580 1450
21380 18650
40020 10
19860 20170
24420 15610
5180 34850
1140 38890
39980 50
980 39050
39380 650
5620 34410
10660 29370
16460 23570
40020 10
8540 31490
36780 3250
39940 90
24220 15810
980 39050
7100 32930
1140 38890
10420 29610
26020 14010
1020 39010
15340 24690
8740 31290
28020 12010
3980 36050
2740 37290
25820 14210
25220 14810
9380 30650
26940 13090
39900 130
27420 12610
32860 7170
40020 10
37020 3010
38060 1970
40020 10
39900 130
39900 130
40020 10
26260 13770
40020 10
29420 10610
38300 1730
38740 1290
40020 10
17260 22770
39860 170
39540 490
37340 2690
24500 15530
180 39850
10220 29810
18580 21450
35980 4050
39460 570
37340 2690
39700 330
39380 650
1140 38890
1940 38090
38820 1210
20700 19330
35980 4050
16100 23930
39980 50
38740 1290
12500 27530
13540 26490
12020 28010
39540 490
700 39330
39540 490
27180 12850
39340 690
300 39730
32060 7970
40020 10
40020 10
2780 37250
39780 250
37700 2330
24300 15730
37420 2610
36060 3970
8220 31810
40020 10
39980 50
40020 10
38460 1570
40020 10
6100 33930
38180 1850
38700 1330
26980 13050
39180 850
39820 210
14700 25330
20460 19570
40020 10
39660 370
21980 18050
39700 330
860 39170
4940 35090
2660 37370
37380 2650
24020 16010
40020 10
35980 4050
39340 690
4540 35490
25220 14810
39980 50
32100 7930
2660 37370
980 39050
32500 7530
39700 330
27500 12530
39100 930
8140 31890
39940 90
17860 22170
13460 26570
14180 25850
38500 1530
27820 12210
37260 2770
40020 10
14340 25690
27460 12570
39300 730
39820 210
33260 6770
18500 21530
37820 2210
38900 1130
23340 16690
39980 50
5700 34330
29180 10850
26900 13130
860 39170
37340 2690
39420 610
30060 9970
39980 50
39500 530
39660 370
39740 290
40020 10
6940 33090
35540 4490
40020 10
33100 6930
39700 330
3940 36090
4220 35810
32580 7450
5700 34330
36940 3090
30820 9210
40020 10
24060 15970
33580 6450
40020 10
36500 3530
32300 7730
3220 36810
40020 10
3580 36450
32980 7050
7820 32210
29820 10210
40020 10
19020 21010
39580 450
32060 7970
36700 3330
16420 23610
40020 10
4740 35290
11460 28570
35500 4530
39300 730
38100 1930
40020 10
35620 4410
30340 9690
38020 2010
35660 4370
3140 36890
1580 38450
30500 9530
40020 10
22540 17490
17780 22250
31580 8450
39380 650
15260 24770
7820 32210
38780 1250
37740 2290
39860 170
20020 20010
20 40010
37580 2450
39060 970
38620 1410
39260 770
20 40010
9260 30770
37820 2210
39700 330
37860 2170
36300 3730
36980 3050
39500 530
37300 2730
12660 27370
39980 50
1900 38130
1780 38250
19100 20930
33740 6290
39980 50
40020 10
40020 10
16540 23490
25660 14370
26540 13490
39500 530
24140 15890
38660 1370
38780 1250
30940 9090
39780 250
39620 410
39980 50
39740 290
39300 730
39020 1010
12180 27850
38980 1050
39980 50
3500 36530
37020 3010
28860 11170
37060 2970
35420 4610
40020 10
37180 2850
39340 690
38740 1290
36260 3770
19420 20610
39300 730
33740 6290
40020 10
420 39610
38100 1930
40020 10
16660 23370
40020 10
38180 1850
39900 130
40020 10
39460 570
37300 2730
8460 31570
38860 1170
37580 2450
40020 10
39500 530
39660 370
3660 36370
39420 610
39860 170
34820 5210
260 39770
30220 9810
10340 29690
22500 17530
19420 20610
40020 10
7780 32250
20 40010
2300 37730
40020 10
40020 10
32260 7770
21620 18410
2300 37730
60 39970
35180 4850
6740 33290
40020 10
16900 23130
5100 34930
40020 10
1900 38130
40020 10
34740 5290
18420 21610
39820 210
32700 7330
18780 21250
39420 610
38100 1930
980 39050
31220 8810
40020 10
36140 3890
40020 10
39420 610
23460 16570
5980 34050
33860 6170
40020 10
37700 2330
39980 50
340 39690
33060 6970
34180 5850
15540 24490
940 39090
40020 10
31820 8210
40020 10
39540 490
36500 3530
6780 33250
13900 26130
40020 10
39820 210
380 39650
38820 1210
23140 16890
40020 10
1780 38250
700 39330
8860 31170
8020 32010
500 39530
1060 38970
34260 5770
39500 530
5500 34530
40020 10
37860 2170
40020 10
39740 290
5140 34890
20 40010
9420 30610
39900 130
39620 410
40020 10
38180 1850
31300 8730
13180 26850
2220 37810
40020 10
32220 7810
40020 10
20860 19170
22660 17370
21340 18690
33860 6170
1180 38850
20 40010
13060 26970
6100 33930
24420 15610
11540 28490
740 39290
900 39130
40020 10
39540 490
2540 37490
40020 10
40020 10
40020 10
28500 11530
38660 1370
39300 730
38980 1050
40020 10
26260 13770
16780 23250
12620 27410
38900 1130
38780 1250
21300 18730
29540 10490
37020 3010
9700 30330
38580 1450
13220 26810
34300 5730
38260 1770
25220 14810
40020 10
38940 1090
220 39810
39980 50
21100 18930
40020 10
40020 10
39140 890
39980 50
9740 30290
39340 690
38860 1170
4460 35570
31940 8090
2300 37730
31140 8890
39260 770
38700 1330
39100 930
38620 1410
1100 38930
300 39730
20420 19610
40020 10
10900 29130
35860 4170
27980 12050
39220 810
220 39810
40020 10
1380 38650
23500 16530
32180 7850
11420 28610
32220 7810
38980 1050
2740 37290
31500 8530
300 39730
38140 1890
30500 9530
35060 4970
660 39370
26620 13410
36980 3050
39820 210
32940 7090
29260 10770
39980 50
39980 50
29380 10650
16820 23210
21220 18810
29260 10770
580 39450
38740 1290
39300 730
6060 33970
3420 36610
29700 10330
20860 19170
29820 10210
40020 10
40020 10
12220 27810
20 40010
25940 14090
11020 29010
940 39090
39900 130
37820 2210
40020 10
12660 27370
15700 24330
40020 10
15740 24290
15900 24130
3780 36250
16300 23730
13140 26890
2980 37050
19540 20490
38060 1970
35820 4210
24980 15050
29580 10450
21540 18490
21740 18290
37180 2850
39380 650
40020 10
36380 3650
40020 10
38820 1210
23180 16850
14500 25530
26580 13450
820 39210
39700 330
10180 29850
37820 2210
36780 3250
24220 15810
13140 26890
39580 450
9180 30850
13580 26450
40020 10
13460 26570
32380 7650
39500 530
31260 8770
38620 1410
40020 10
39940 90
18580 21450
40020 10
33780 6250
40020 10
37500 2530
35380 4650
20 40010
39300 730
16180 23850
40020 10
300 39730
22060 17970
2860 37170
36940 3090
23940 16090
40020 10
34940 5090
39980 50
26700 13330
40020 10
14620 25410
37820 2210
39860 170
25060 14970
32620 7410
30980 9050
38980 1050
21500 18530
3300 36730
40020 10
3500 36530
2300 37730
7340 32690
36820 3210
39100 930
27500 12530
6820 33210
40020 10
21260 18770
38020 2010
36860 3170
220 39810
39220 810
39780 250
25420 14610
40020 10
22780 17250
6060 33970
39540 490
40020 10
39300 730
20 40010
39820 210
39180 850
39420 610
38420 1610
11660 28370
21860 18170
39460 570
39180 850
39900 130
38900 1130
22540 17490
34100 5930
10660 29370
23700 16330
34140 5890
39380 650
35020 5010
22260 17770
39500 530
39540 490
34740 5290
18020 22010
8020 32010
29900 10130
2540 37490
8740 31290
39020 1010
39980 50
40020 10
220 39810
20060 19970
13580 26450
40020 10
38820 1210
28300 11730
25140 14890
31580 8450
39500 530
40020 10
40020 10
2900 37130
40020 10
39380 650
29020 11010
40020 10
38740 1290
33420 6610
39980 50
12100 27930
100 39930
39500 530
34740 5290
36860 3170
32020 8010
40020 10
39700 330
37500 2530
7620 32410
780 39250
36940 3090
13620 26410
39860 170
27540 12490
39980 50
2780 37250
23580 16450
40020 10
21700 18330
40020 10
38620 1410
13420 26610
37700 2330
27820 12210
8860 31170
38780 1250
12620 27410
12740 27290
40020 10
24660 15370
460 39570
39940 90
5380 34650
39700 330
8140 31890
39780 250
39940 90
9420 30610
16660 23370
27500 12530
18740 21290
40020 10
16140 23890
36140 3890
37900 2130
28660 11370
37140 2890
39980 50
39700 330
40020 10
18380 21650
16500 23530
36300 3730
25860 14170
20740 19290
38380 1650
35860 4170
20980 19050
9820 30210
27380 12650
38220 1810
260 39770
24540 15490
40020 10
2020 38010
21580 18450
37420 2610
9980 30050
39860 170
40020 10
34460 5570
40020 10
39980 50
40020 10
40020 10
29140 10890
460 39570
40020 10
22980 17050
6300 33730
39940 90
35580 4450
17780 22250
34100 5930
39780 250
35260 4770
36180 3850
40020 10
40020 10
1260 38770
39980 50
3220 36810
33580 6450
2100 37930
24380 15650
6660 33370
2340 37690
900 39130
10460 29570
39260 770
1820 38210
40020 10
39980 50
39980 50
6180 33850
38820 1210
19660 20370
38740 1290
29020 11010
38900 1130
9660 30370
19820 20210
40020 10
28060 11970
24260 15770
24260 15770
12140 27890
37220 2810
40020 10
40020 10
35980 4050
20 40010
40020 10
20460 19570
38540 1490
40020 10
33260 6770
420 39610
39940 90
33100 6930
14300 25730
5700 34330
30540 9490
39940 90
20580 19450
28780 11250
9300 30730
39980 50
8860 31170
39940 90
26580 13450
38780 1250
39780 250
7220 32810
37260 2770
40020 10
32300 7730
36180 3850
37620 2410
39220 810
37780 2250
860 39170
22100 17930
1940 38090
20 40010
420 39610
26620 13410
37900 2130
15500 24530
40020 10
37780 2250
4380 35650
12180 27850
39620 410
14860 25170
20500 19530
34540 5490
39980 50
5940 34090
40020 10
9420 30610
3940 36090
9260 30770
37780 2250
18780 21250
26900 13130
28180 11850
39900 130
34980 5050
38740 1290
39180 850
39020 1010
500 39530
14740 25290
33020 7010
32420 7610
8980 31050
34380 5650
10660 29370
35140 4890
100 39930
220 39810
1900 38130
8420 31610
40020 10
20 40010
13580 26450
37660 2370
39780 250
37060 2970
10860 29170
16060 23970
39900 130
39620 410
4300 35730
5340 34690
2300 37730
26100 13930
10300 29730
37340 2690
36220 3810
36780 3250
39900 130
39980 50
15540 24490
32140 7890
21540 18490
580 39450
11420 28610
25100 14930
7300 32730
40020 10
40020 10
39380 650
28780 11250
35700 4330
40020 10
2660 37370
37980 2050
9700 30330
29660 10370
1820 38210
40020 10
38980 1050
39180 850
39780 250
36300 3730
16500 23530
60 39970
23420 16610
38540 1490
6060 33970
39860 170
2940 37090
38340 1690
31860 8170
39980 50
29060 10970
39580 450
27540 12490
38940 1090
16100 23930
26700 13330
33020 7010
21300 18730
39860 170
37220 2810
24780 15250
28860 11170
1180 38850
38420 1610
40020 10
40020 10
20 40010
34580 5450
23180 16850
34660 5370
29900 10130
7740 32290
40020 10
35420 4610
14620 25410
38660 1370
35020 5010
19940 20090
19220 20810
28540 11490
40020 10
39860 170
27580 12450
20740 19290
8620 31410
39980 50
4180 35850
36300 3730
780 39250
31420 8610
7820 32210
220 39810
1580 38450
37380 2650
33300 6730
900 39130
36340 3690
16580 23450
40020 10
23140 16890
1940 38090
36380 3650
420 39610
39700 330
25860 14170
17060 22970
180 39850
39660 370
20940 19090
38020 2010
36020 4010
39900 130
11220 28810
30820 9210
40020 10
14380 25650
16180 23850
24100 15930
39780 250
16860 23170
38900 1130
25900 14130
3860 36170
16380 23650
22860 17170
660 39370
5460 34570
38980 1050
6260 33770
38860 1170
17300 22730
26700 13330
13740 26290
35300 4730
4620 35410
29420 10610
40020 10
31940 8090
2740 37290
40020 10
29660 10370
27620 12410
540 39490
10540 29490
18660 21370
40020 10
39900 130
40020 10
38340 1690
2660 37370
40020 10
3060 36970
39660 370
11140 28890
36660 3370
35500 4530
37220 2810
39980 50
24740 15290
35380 4650
38260 1770
620 39410
100 39930
10380 29650
40020 10
17060 22970
19420 20610
32500 7530
220 39810
30540 9490
40020 10
40020 10
39780 250
1140 38890
8220 31810
11140 28890
27420 12610
4500 35530
39940 90
34980 5050
39780 250
9860 30170
39260 770
32100 7930
37580 2450
39940 90
4020 36010
39620 410
38860 1170
33860 6170
39940 90
39660 370
37260 2770
35500 4530
37300 2730
40020 10
11060 28970
26780 13250
20 40010
30940 9090
38620 1410
39740 290
16820 23210
18220 21810
36860 3170
39620 410
20 40010
11180 28850
28580 11450
30940 9090
39140 890
32940 7090
14380 25650
38700 1330
40020 10
39740 290
9780 30250
39900 130
33140 6890
38780 1250
39500 530
37700 2330
37820 2210
11820 28210
35060 4970
34180 5850
180 39850
20 40010
35300 4730
2740 37290
12540 27490
19780 20250
37820 2210
38620 1410
28860 11170
28460 11570
38740 1290
39660 370
1060 38970
29140 10890
39580 450
39860 170
24980 15050
6420 33610
19220 20810
33100 6930
7540 32490
39140 890
39100 930
32180 7850
35740 4290
13300 26730
16020 24010
34420 5610
39980 50
26980 13050
39900 130
39540 490
34300 5730
15300 24730
39260 770
20 40010
39940 90
7860 32170
2900 37130
5980 34050
31540 8490
21420 18610
37580 2450
18420 21610
35180 4850
60 39970
39140 890
28500 11530
13860 26170
16580 23450
1820 38210
36420 3610
39180 850
40020 10
40020 10
1580 38450
40020 10
29700 10330
40020 10
6780 33250
31100 8930
23460 16570
26420 13610
8980 31050
39980 50
27020 13010
21660 18370
39660 370
39500 530
39620 410
4620 35410
20 40010
380 39650
39260 770
24740 15290
40020 10
6660 33370
12380 27650
180 39850
26140 13890
10100 29930
19700 20330
2780 37250
39180 850
29580 10450
22620 17410
340 39690
25020 15010
5260 34770
60 39970
38740 1290
25220 14810
10820 29210
3220 36810
38100 1930
11580 28450
33460 6570
32220 7810
37020 3010
38180 1850
39820 210
9420 30610
8060 31970
39860 170
26340 13690
17380 22650
40020 10
31100 8930
30020 10010
40020 10
7340 32690
40020 10
38740 1290
25420 14610
39940 90
38180 1850
25940 14090
38220 1810
36300 3730
2980 37050
15860 24170
39980 50
39820 210
39980 50
34740 5290
39980 50
39020 1010
39780 250
22820 17210
39940 90
1380 38650
6660 33370
40020 10
36580 3450
40020 10
39940 90
18660 21370
26500 13530
9500 30530
21900 18130
8940 31090
21620 18410
29980 10050
39980 50
5940 34090
40020 10
29460 10570
33140 6890
38740 1290
37340 2690
29060 10970
20 40010
6980 33050
39340 690
39300 730
36300 3730
39660 370
40020 10
19500 20530
3700 36330
39700 330
38460 1570
40020 10
39980 50
40020 10
26820 13210
30180 9850
39580 450
6420 33610
38500 1530
13020 27010
6300 33730
28700 11330
260 39770
39660 370
40020 10
28700 11330
17140 22890
20 40010
5060 34970
36420 3610
36180 3850
37220 2810
39580 450
38980 1050
1220 38810
31900 8130
36900 3130
5180 34850
39740 290
5780 34250
29540 10490
39940 90
39980 50
39700 330
1060 38970
29420 10610
31460 8570
40020 10
1220 38810
39340 690
39380 650
34260 5770
8300 31730
38860 1170
36020 4010
40020 10
39100 930
14340 25690
38580 1450
30940 9090
39300 730
22980 17050
1140 38890
980 39050
27500 12530
38060 1970
36500 3530
39980 50
39660 370
39900 130
17060 22970
24940 15090
39340 690
13380 26650
3020 37010
39020 1010
32300 7730
4140 35890
39860 170
34740 5290
21300 18730
1740 38290
39740 290
1300 38730
9940 30090
39820 210
40020 10
28900 11130
20860 19170
40020 10
21340 18690
22620 17410
17620 22410
38900 1130
40020 10
11380 28650
460 39570
33460 6570
37660 2370
7460 32570
5460 34570
39980 50
39660 370
40020 10
39940 90
19220 20810
7780 32250
35260 4770
39980 50
12700 27330
36380 3650
1620 38410
11220 28810
20 40010
19860 20170
16300 23730
36180 3850
39900 130
35580 4450
25500 14530
26820 13210
18220 21810
27300 12730
30580 9450
38620 1410
18380 21650
36380 3650
17660 22370
39860 170
39940 90
38220 1810
31340 8690
14940 25090
14020 26010
40020 10
39300 730
30980 9050
100 39930
36100 3930
40020 10
40020 10
7780 32250
30140 9890
38460 1570
34140 5890
35660 4370
33580 6450
17540 22490
12300 27730
32740 7290
40020 10
39820 210
6180 33850
40020 10
1140 38890
60 39970
39620 410
39380 650
39860 170
13020 27010
39900 130
10980 29050
40020 10
34820 5210
27660 12370
1940 38090
30940 9090
39460 570
4380 35650
40020 10
1780 38250
180 39850
300 39730
10340 29690
40020 10
22060 17970
29220 10810
39980 50
1700 38330
2100 37930
40020 10
10700 29330
24180 15850
40020 10
33860 6170
5940 34090
39220 810
25740 14290
37580 2450
29420 10610
22060 17970
32380 7650
38980 1050
2540 37490
38460 1570
24820 15210
40020 10
27940 12090
30020 10010
20 40010
3820 36210
38260 1770
39220 810
12900 27130
39220 810
7980 32050
33900 6130
35660 4370
2500 37530
2420 37610
17100 22930
10100 29930
39780 250
20260 19770
34180 5850
38020 2010
18940 21090
39940 90
31740 8290
24900 15130
37740 2290
35180 4850
37380 2650
22540 17490
3860 36170
3100 36930
34020 6010
6860 33170
35060 4970
19980 20050
40020 10
19500 20530
35300 4730
40020 10
22540 17490
38740 1290
39460 570
39460 570
2420 37610
19020 21010
7300 32730
39660 370
29180 10850
37180 2850
38060 1970
35820 4210
18220 21810
29020 11010
2580 37450
31420 8610
10420 29610
12700 27330
1100 38930
40020 10
39660 370
39540 490
39940 90
20020 20010
21940 18090
10220 29810
28820 11210
15860 24170
33380 6650
10580 29450
40020 10
1340 38690
36060 3970
4140 35890
2980 37050
1340 38690
40020 10
39580 450
35140 4890
29020 11010
40020 10
8140 31890
40020 10
7780 32250
39700 330
39100 930
2420 37610
19740 20290
35060 4970
32700 7330
38460 1570
380 39650
16580 23450
7260 32770
40020 10
39780 250
22540 17490
38180 1850
21980 18050
37220 2810
40020 10
39220 810
14700 25330
17380 22650
40020 10
4620 35410
13260 26770
38940 1090
6180 33850
180 39850
40020 10
29860 10170
14260 25770
39740 290
29260 10770
40020 10
26540 13490
36300 3730
39660 370
6380 33650
39940 90
7460 32570
39980 50
37980 2050
38260 1770
38540 1490
100 39930
39860 170
39660 370
40020 10
40020 10
13220 26810
40020 10
40020 10
38700 1330
34020 6010
39940 90
60 39970
39460 570
16940 23090
40020 10
39500 530
16980 23050
23780 16250
32300 7730
29220 10810
39700 330
180 39850
20 40010
5140 34890
32140 7890
38340 1690
20 40010
40020 10
27740 12290
28020 12010
700 39330
40020 10
36100 3930
39620 410
37140 2890
34380 5650
34900 5130
39980 50
8900 31130
7020 33010
29300 10730
28100 11930
740 39290
39540 490
39820 210
340 39690
19300 20730
40020 10
37700 2330
22340 17690
24740 15290
40020 10
34300 5730
30740 9290
40020 10
39580 450
40020 10
26580 13450
39900 130
40020 10
38700 1330
36940 3090
33220 6810
33020 7010
39780 250
39740 290
40020 10
36940 3090
39900 130
39980 50
8380 31650
39980 50
39580 450
37780 2250
2860 37170
39460 570
36220 3810
5580 34450
39700 330
20 40010
29420 10610
5900 34130
36740 3290
20020 20010
9620 30410
40020 10
24420 15610
24580 15450
39660 370
1580 38450
900 39130
31940 8090
4260 35770
39100 930
19060 20970
19380 20650
7420 32610
8580 31450
18220 21810
11580 28450
12780 27250
2860 37170
980 39050
38660 1370
23220 16810
7380 32650
39540 490
2300 37730
12340 27690
38740 1290
38100 1930
39460 570
540 39490
33700 6330
33980 6050
40020 10
23540 16490
39940 90
19420 20610
29340 10690
23340 16690
39740 290
540 39490
39180 850
2460 37570
40020 10
21020 19010
20060 19970
18340 21690
1060 38970
39900 130
19620 20410
40020 10
40020 10
37780 2250
39900 130
31620 8410
39980 50
1660 38370
40020 10
14020 26010
32300 7730
33220 6810
1700 38330
28900 11130
40020 10
36580 3450
32620 7410
39300 730
38580 1450
40020 10
8620 31410
40020 10
18020 22010
2980 37050
2500 37530
28580 11450
33540 6490
38140 1890
26180 13850
23460 16570
39980 50
14900 25130
26340 13690
31980 8050
40020 10
12820 27210
27020 13010
36780 3250
35380 4650
13940 26090
10500 29530
25500 14530
20780 19250
35140 4890
32580 7450
39700 330
37500 2530
37700 2330
28820 11210
15900 24130
39900 130
31300 8730
26740 13290
39980 50
38340 1690
40020 10
40020 10
16060 23970
39380 650
40020 10
8700 31330
27460 12570
25620 14410
17780 22250
29020 11010
29220 10810
33500 6530
14660 25370
39660 370
1980 38050
39940 90
38900 1130
26140 13890
25140 14890
6500 33530
5340 34690
7540 32490
33420 6610
30660 9370
31780 8250
27900 12130
25540 14490
25340 14690
40020 10
30300 9730
5860 34170
28540 11490
29380 10650
11900 28130
9540 30490
11620 28410
39980 50
22460 17570
39980 50
11060 28970
22460 17570
11220 28810
34980 5050
39420 610
5100 34930
39060 970
40020 10
40020 10
39900 130
14060 25970
28980 11050
29420 10610
20 40010
11100 28930
40020 10
39820 210
31900 8130
39860 170
38340 1690
28180 11850
660 39370
17220 22810
39700 330
11420 28610
35380 4650
39620 410
38900 1130
30300 9730
7660 32370
40020 10
8460 31570
4420 35610
26620 13410
40020 10
10780 29250
24860 15170
26220 13810
6300 33730
11220 28810
33980 6050
18060 21970
9660 30370
17780 22250
32540 7490
33460 6570
7460 32570
40020 10
13580 26450
39260 770
40020 10
23540 16490
8780 31250
39740 290
20940 19090
13580 26450
39380 650
36100 3930
40020 10
1340 38690
34300 5730
6660 33370
34620 5410
39740 290
40020 10
30580 9450
9540 30490
36060 3970
26700 13330
38500 1530
15380 24650
32540 7490
27820 12210
38140 1890
1700 38330
4220 35810
25700 14330
33460 6570
39380 650
24180 15850
8980 31050
100 39930
6060 33970
40020 10
700 39330
39740 290
40020 10
39820 210
37620 2410
9380 30650
18180 21850
35220 4810
3860 36170
27140 12890
18700 21330
25660 14370
20740 19290
17500 22530
40020 10
36100 3930
100 39930
33980 6050
5060 34970
39580 450
31300 8730
26140 13890
39620 410
1180 38850
40020 10
31420 8610
35900 4130
40020 10
39060 970
40020 10
35100 4930
39420 610
35260 4770
1220 38810
37180 2850
40020 10
13180 26850
40020 10
28540 11490
25460 14570
14620 25410
18100 21930
38140 1890
9660 30370
39980 50
1220 38810
34020 6010
39780 250
37380 2650
32780 7250
17460 22570
39820 210
39700 330
21180 18850
26660 13370
25580 14450
28220 11810
40020 10
3460 36570
4700 35330
40020 10
32580 7450
12980 27050
4420 35610
12860 27170
30020 10010
38340 1690
40020 10
29540 10490
2420 37610
29100 10930
39780 250
38740 1290
24940 15090
39580 450
36420 3610
140 39890
16820 23210
39980 50
39980 50
22460 17570
39220 810
34500 5530
33740 6290
5380 34650
36100 3930
32380 7650
38980 1050
39580 450
40020 10
2340 37690
39820 210
5740 34290
8780 31250
39860 170
37460 2570
7220 32810
17140 22890
39700 330
23380 16650
3940 36090
39540 490
39900 130
39980 50
12620 27410
39940 90
20660 19370
7140 32890
60 39970
22260 17770
380 39650
180 39850
37100 2930
39540 490
1540 38490
2820 37210
13900 26130
38220 1810
10100 29930
31020 9010
11420 28610
4820 35210
14660 25370
31740 8290
39180 850
5980 34050
40020 10
1260 38770
220 39810
9940 30090
40020 10
20 40010
4460 35570
10180 29850
28500 11530
15340 24690
38620 1410
33460 6570
39260 770
36220 3810
37260 2770
23820 16210
35340 4690
40020 10
38300 1730
6580 33450
1140 38890
1220 38810
14100 25930
38980 1050
28900 11130
39060 970
35580 4450
18460 21570
39980 50
32060 7970
100 39930
18860 21170
25860 14170
39940 90
40020 10
20260 19770
2220 37810
100 39930
38180 1850
20 40010
6420 33610
27220 12810
39980 50
39980 50
39660 370
12420 27610
31940 8090
29980 10050
38780 1250
39860 170
40020 10
36060 3970
37780 2250
39780 250
40020 10
38740 1290
100 39930
34740 5290
28140 11890
37780 2250
40020 10
15820 24210
38420 1610
38620 1410
39940 90
38260 1770
31380 8650
11340 28690
39980 50
39580 450
40020 10
3100 36930
17500 22530
39980 50
35900 4130
39860 170
37380 2650
31980 8050
1900 38130
40020 10
38140 1890
39940 90
2340 37690
15860 24170
18020 22010
1460 38570
37620 2410
60 39970
40020 10
39700 330
39860 170
34860 5170
500 39530
14300 25730
38980 1050
39980 50
36500 3530
1300 38730
1260 38770
39980 50
39380 650
37740 2290
9620 30410
22860 17170
39060 970
13620 26410
35580 4450
40020 10
39500 530
36540 3490
19780 20250
2020 38010
32860 7170
40020 10
39580 450
24260 15770
21460 18570
29060 10970
39220 810
39820 210
9220 30810
30900 9130
30820 9210
39940 90
39700 330
30540 9490
39980 50
37740 2290
6340 33690
19220 20810
3660 36370
2500 37530
25900 14130
35940 4090
340 39690
7700 32330
40020 10
10060 29970
3340 36690
8820 31210
7500 32530
39100 930
39180 850
38700 1330
7980 32050
40020 10
20 40010
38500 1530
40020 10
34740 5290
38140 1890
37700 2330
38460 1570
15740 24290
33300 6730
40020 10
35220 4810
6140 33890
39060 970
6940 33090
33660 6370
17340 22690
38020 2010
34100 5930
40020 10
39620 410
39980 50
39500 530
40020 10
3940 36090
10940 29090
39740 290
780 39250
39500 530
26900 13130
39740 290
39020 1010
5740 34290
38700 1330
7220 32810
300 39730
29260 10770
13580 26450
34300 5730
38780 1250
40020 10
39860 170
3140 36890
37340 2690
39300 730
30820 9210
380 39650
32300 7730
39300 730
40020 10
1180 38850
2180 37850
40020 10
23820 16210
340 39690
14180 25850
13220 26810
39780 250
5700 34330
13340 26690
37020 3010
39740 290
38420 1610
39580 450
33260 6770
40020 10
37860 2170
39340 690
40020 10
2100 37930
39140 890
39260 770
40020 10
2900 37130
25300 14730
22620 17410
40020 10
40020 10
32020 8010
38020 2010
25220 14810
22500 17530
39940 90
17300 22730
38340 1690
29180 10850
39980 50
39940 90
40020 10
37300 2730
2700 37330
13460 26570
1580 38450
38860 1170
39460 570
15780 24250
5500 34530
4620 35410
20060 19970
39780 250
29620 10410
19980 20050
11700 28330
24660 15370
21540 18490
40020 10
40020 10
7980 32050
37500 2530
35220 4810
24540 15490
60 39970
40020 10
40020 10
39980 50
31500 8530
1660 38370
60 39970
620 39410
28900 11130
6300 33730
10780 29250
37220 2810
40020 10
33500 6530
22140 17890
39940 90
33780 6250
8820 31210
14900 25130
39900 130
420 39610
35260 4770
31820 8210
39220 810
26940 13090
36500 3530
3940 36090
4180 35850
660 39370
38940 1090
40020 10
27780 12250
11180 28850
39660 370
40020 10
17580 22450
40020 10
16260 23770
3540 36490
20340 19690
40020 10
500 39530
1100 38930
17020 23010
39420 610
13780 26250
31500 8530
40020 10
39300 730
23260 16770
4700 35330
30420 9610
38540 1490
35060 4970
36220 3810
8740 31290
13500 26530
39940 90
31180 8850
26220 13810
29660 10370
40020 10
36460 3570
5420 34610
26060 13970
140 39890
24060 15970
40020 10
39940 90
17220 22810
40020 10
40020 10
2260 37770
40020 10
34700 5330
39140 890
38540 1490
31020 9010
6980 33050
39980 50
23460 16570
30060 9970
7340 32690
32980 7050
39820 210
40020 10
19340 20690
39860 170
40020 10
26100 13930
29900 10130
34300 5730
16220 23810
4260 35770
32500 7530
34180 5850
40020 10
40020 10
40020 10
24500 15530
6180 33850
10740 29290
23700 16330
38060 1970
20 40010
36900 3130
40020 10
5780 34250
40020 10
40020 10
17180 22850
21940 18090
39300 730
40020 10
39900 130
27940 12090
10300 29730
39860 170
700 39330
11180 28850
31780 8250
40020 10
39940 90
39620 410
1420 38610
29700 10330
340 39690
11340 28690
40020 10
2300 37730
28580 11450
300 39730
32820 7210
40020 10
20300 19730
28340 11690
24500 15530
21100 18930
6620 33410
29100 10930
7660 32370
39820 210
38420 1610
39980 50
5780 34250
36580 3450
14460 25570
40020 10
39940 90
1860 38170
13340 26690
36300 3730
8300 31730
8940 31090
27500 12530
40020 10
19660 20370
20 40010
39420 610
9060 30970
32820 7210
36100 3930
35500 4530
39260 770
300 39730
32180 7850
36420 3610
17300 22730
30460 9570
37980 2050
40020 10
39980 50
30660 9370
35380 4650
35620 4410
39980 50
27300 12730
39860 170
19500 20530
20 40010
39060 970
4100 35930
40020 10
39780 250
39220 810
28940 11090
18500 21530
31700 8330
23900 16130
12020 28010
24620 15410
1900 38130
5460 34570
39060 970
13220 26810
32380 7650
39900 130
15380 24650
23020 17010
25060 14970
4220 35810
39700 330
39100 930
36780 3250
32380 7650
29500 10530
13500 26530
3420 36610
39100 930
4700 35330
40020 10
1500 38530
19340 20690
31780 8250
37980 2050
40020 10
38300 1730
7820 32210
38780 1250
9780 30250
27740 12290
16420 23610
29100 10930
4380 35650
14220 25810
1380 38650
39980 50
4220 35810
26700 13330
34900 5130
7700 32330
28500 11530
39220 810
40020 10
33780 6250
21740 18290
40020 10
20340 19690
38660 1370
33860 6170
37980 2050
6180 33850
39740 290
20340 19690
38100 1930
180 39850
40020 10
40020 10
740 39290
33060 6970
5260 34770
820 39210
5580 34450
38860 1170
22380 17650
3820 36210
60 39970
21940 18090
8900 31130
40020 10
35900 4130
4380 35650
39900 130
39980 50
35540 4490
32860 7170
37420 2610
39100 930
40020 10
39900 130
21900 18130
500 39530
12300 27730
15780 24250
38500 1530
1860 38170
40020 10
20620 19410
34260 5770
60 39970
40020 10
39980 50
31820 8210
580 39450
39980 50
20860 19170
38780 1250
40020 10
180 39850
10660 29370
30980 9050
6140 33890
300 39730
40020 10
38980 1050
40020 10
11820 28210
34620 5410
33540 6490
6740 33290
32220 7810
13820 26210
39980 50
33940 6090
35820 4210
8060 31970
40020 10
1940 38090
1500 38530
29820 10210
18620 21410
40020 10
39980 50
33260 6770
39860 170
40020 10
3340 36690
39700 330
31860 8170
39340 690
39380 650
39980 50
39900 130
32300 7730
38020 2010
37540 2490
32940 7090
35340 4690
20 40010
35100 4930
3180 36850
39900 130
40020 10
26220 13810
33620 6410
21260 18770
18540 21490
21660 18370
40020 10
11620 28410
1140 38890
1380 38650
23900 16130
39100 930
22940 17090
36060 3970
11180 28850
34540 5490
40020 10
13900 26130
18780 21250
38980 1050
37300 2730
34740 5290
40020 10
39700 330
32060 7970
14460 25570
39540 490
780 39250
7220 32810
26820 13210
21820 18210
15820 24210
40020 10
15900 24130
40020 10
26060 13970
36340 3690
20 40010
22140 17890
18820 21210
13420 26610
7260 32770
2620 37410
6900 33130
40020 10
39100 930
39860 170
1940 38090
37020 3010
32460 7570
39980 50
11180 28850
29060 10970
37300 2730
40020 10
38900 1130
16380 23650
40020 10
39700 330
36980 3050
9740 30290
4460 35570
39740 290
4820 35210
38980 1050
39940 90
40020 10
1220 38810
6460 33570
39980 50
31420 8610
35380 4650
540 39490
4980 35050
10620 29410
5580 34450
26300 13730
39820 210
18980 21050
300 39730
12740 27290
39900 130
29220 10810
14140 25890
9260 30770
32100 7930
17820 22210
23460 16570
13340 26690
37060 2970
26700 13330
16260 23770
39980 50
11180 28850
35860 4170
8180 31850
35340 4690
40020 10
9540 30490
38500 1530
32700 7330
18700 21330
38620 1410
12060 27970
39700 330
39260 770
34620 5410
30100 9930
31180 8850
20500 19530
39860 170
11580 28450
4140 35890
9340 30690
20 40010
32580 7450
39820 210
4460 35570
39860 170
40020 10
32660 7370
39940 90
4020 36010
26420 13610
7220 32810
40020 10
40020 10
20220 19810
22340 17690
38260 1770
40020 10
39940 90
39820 210
39980 50
31780 8250
38900 1130
37220 2810
2180 37850
39180 850
39860 170
30140 9890
38620 1410
40020 10
33420 6610
37820 2210
2580 37450
40020 10
39860 170
11380 28650
40020 10
11660 28370
39900 130
1820 38210
16860 23170
39180 850
1260 38770
39900 130
40020 10
30020 10010
28940 11090
27420 12610
21740 18290
38140 1890
39860 170
40020 10
38700 1330
24140 15890
40020 10
27900 12130
2100 37930
34940 5090
29620 10410
20 40010
15900 24130
29580 10450
40020 10
34580 5450
39860 170
340 39690
39300 730
1820 38210
2100 37930
660 39370
38020 2010
40020 10
3380 36650
40020 10
38020 2010
37860 2170
32940 7090
20540 19490
36540 3490
1940 38090
39940 90
180 39850
39940 90
6940 33090
40020 10
33220 6810
100 39930
39380 650
16500 23530
39180 850
15540 24490
40020 10
10980 29050
36100 3930
34500 5530
180 39850
30940 9090
1220 38810
40020 10
39220 810
40020 10
40020 10
36300 3730
3260 36770
39940 90
20 40010
39580 450
40020 10
8580 31450
40020 10
17980 22050
7180 32850
20900 19130
1420 38610
3180 36850
35700 4330
39820 210
24300 15730
28940 11090
380 39650
40020 10
34020 6010
25220 14810
36900 3130
23780 16250
15300 24730
38260 1770
39620 410
37340 2690
38500 1530
39980 50
40020 10
39780 250
3180 36850
38260 1770
38900 1130
39660 370
10180 29850
28820 11210
25140 14890
16220 23810
14260 25770
37580 2450
25980 14050
35380 4650
37140 2890
39900 130
39940 90
16380 23650
27620 12410
20 40010
40020 10
40020 10
260 39770
17100 22930
10500 29530
40020 10
40020 10
26100 13930
22100 17930
17660 22370
21420 18610
39700 330
5580 34450
14500 25530
39860 170
40020 10
39580 450
39380 650
38860 1170
3780 36250
38100 1930
39980 50
29980 10050
39860 170
1660 38370
39460 570
30860 9170
37420 2610
17900 22130
39180 850
34660 5370
39860 170
60 39970
39900 130
40020 10
39820 210
12940 27090
40020 10
38460 1570
19540 20490
60 39970
9220 30810
40020 10
40020 10
26220 13810
17780 22250
1780 38250
4820 35210
6580 33450
34140 5890
39980 50
18740 21290
39980 50
39620 410
39700 330
980 39050
31220 8810
25780 14250
35380 4650
29780 10250
28980 11050
9340 30690
39900 130
35660 4370
1540 38490
20 40010
27060 12970
37900 2130
39980 50
9300 30730
40020 10
36020 4010
39300 730
39980 50
36340 3690
39980 50
10660 29370
35980 4050
12860 27170
40020 10
40020 10
18260 21770
39940 90
40020 10
39740 290
40020 10
38260 1770
38700 1330
36580 3450
26100 13930
38260 1770
38460 1570
36980 3050
37100 2930
39660 370
39380 650
31540 8490
18900 21130
21020 19010
9140 30890
38460 1570
39940 90
39860 170
40020 10
38900 1130
10580 29450
35020 5010
33060 6970
22860 17170
39980 50
38380 1650
39580 450
38460 1570
18020 22010
36540 3490
35180 4850
10900 29130
40020 10
37900 2130
33580 6450
1420 38610
38460 1570
40020 10
40020 10
40020 10
37620 2410
40020 10
38340 1690
30820 9210
1860 38170
17540 22490
220 39810
39740 290
39380 650
40020 10
31180 8850
32420 7610
16420 23610
39340 690
20940 19090
4260 35770
540 39490
39700 330
8500 31530
27540 12490
29980 10050
39500 530
40020 10
37940 2090
34580 5450
39740 290
21820 18210
28900 11130
27460 12570
32980 7050
14420 25610
740 39290
14660 25370
39700 330
40020 10
39060 970
39980 50
18300 21730
40020 10
35660 4370
35180 4850
2500 37530
37580 2450
40020 10
40020 10
10380 29650
25140 14890
24380 15650
60 39970
33620 6410
9620 30410
26980 13050
40020 10
40020 10
40020 10
14100 25930
39580 450
1300 38730
39940 90
10740 29290
40020 10
40020 10
37740 2290
23940 16090
3780 36250
7860 32170
9900 30130
16900 23130
11580 28450
39180 850
3940 36090
40020 10
33620 6410
19580 20450
2740 37290
12060 27970
39540 490
39340 690
39860 170
40020 10
7100 32930
37740 2290
6660 33370
22820 17210
18940 21090
38660 1370
18820 21210
14220 25810
40020 10
11020 29010
38020 2010
35300 4730
40020 10
29300 10730
26260 13770
40020 10
8740 31290
60 39970
22620 17410
39620 410
27460 12570
39700 330
7420 32610
940 39090
20 40010
31620 8410
2100 37930
39300 730
19020 21010
35300 4730
39780 250
24740 15290
13380 26650
60 39970
900 39130
38340 1690
39620 410
40020 10
15140 24890
14020 26010
28140 11890
36420 3610
39100 930
3340 36690
6740 33290
31940 8090
37180 2850
2540 37490
36620 3410
10380 29650
18580 21450
13340 26690
26380 13650
39940 90
17380 22650
580 39450
40020 10
24980 15050
31660 8370
4500 35530
22060 17970
33260 6770
7780 32250
40020 10
40020 10
2380 37650
17140 22890
1180 38850
38820 1210
38300 1730
40020 10
30860 9170
33780 6250
38660 1370
34940 5090
38620 1410
40020 10
3620 36410
620 39410
40020 10
100 39930
30820 9210
10140 29890
26460 13570
38820 1210
34860 5170
31860 8170
40020 10
38260 1770
100 39930
34580 5450
11740 28290
24740 15290
1580 38450
12020 28010
1340 38690
40020 10
40020 10
40020 10
39940 90
24380 15650
37500 2530
15380 24650
40020 10
39980 50
34860 5170
39180 850
6500 33530
39780 250
14780 25250
34980 5050
40020 10
38900 1130
32220 7810
33380 6650
39780 250
39900 130
17180 22850
14500 25530
39900 130
39900 130
36260 3770
40020 10
39260 770
11700 28330
40020 10
24780 15250
40020 10
40020 10
40020 10
19980 20050
14540 25490
9980 30050
39180 850
14660 25370
37140 2890
39900 130
22780 17250
13820 26210
24140 15890
38420 1610
2260 37770
38700 1330
24660 15370
16540 23490
15620 24410
39780 250
31900 8130
40020 10
40020 10
23580 16450
36740 3290
29380 10650
4300 35730
16180 23850
22740 17290
22340 17690
30260 9770
39980 50
35500 4530
18460 21570
14060 25970
31780 8250
33300 6730
34180 5850
24940 15090
6060 33970
31860 8170
38980 1050
38340 1690
35700 4330
2020 38010
38580 1450
39860 170
35380 4650
1020 39010
35940 4090
39980 50
39980 50
34420 5610
21580 18450
39940 90
40020 10
20 40010
11340 28690
27900 12130
18500 21530
25020 15010
18940 21090
36500 3530
30460 9570
34980 5050
40020 10
39940 90
39540 490
700 39330
5780 34250
38540 1490
38860 1170
26460 13570
23540 16490
38260 1770
15140 24890
40020 10
24380 15650
3220 36810
7540 32490
33260 6770
27340 12690
9100 30930
38220 1810
13180 26850
39220 810
3700 36330
39180 850
26180 13850
40020 10
36380 3650
40020 10
34500 5530
17180 22850
17100 22930
39340 690
6100 33930
40020 10
40020 10
40020 10
38380 1650
39860 170
2100 37930
40020 10
39220 810
9020 31010
1140 38890
39140 890
39820 210
39860 170
39180 850
39980 50
36300 3730
39380 650
35980 4050
39820 210
40020 10
300 39730
38780 1250
34340 5690
39860 170
9700 30330
420 39610
31380 8650
40020 10
38580 1450
2380 37650
40020 10
40020 10
860 39170
13300 26730
30980 9050
40020 10
39900 130
31140 8890
39860 170
39900 130
40020 10
29180 10850
60 39970
39940 90
34180 5850
40020 10
40020 10
39980 50
40020 10
26860 13170
8500 31530
18820 21210
3700 36330
40020 10
2780 37250
30540 9490
39780 250
15020 25010
39820 210
33940 6090
340 39690
40020 10
1100 38930
30900 9130
37660 2370
26980 13050
1180 38850
20220 19810
220 39810
34540 5490
40020 10
6260 33770
6700 33330
1700 38330
29260 10770
22980 17050
40020 10
37620 2410
39940 90
33300 6730
35540 4490
37500 2530
4140 35890
39460 570
39860 170
11460 28570
39180 850
1380 38650
40020 10
16580 23450
140 39890
4100 35930
40020 10
39620 410
14100 25930
40020 10
3980 36050
39940 90
38060 1970
39820 210
40020 10
16380 23650
40020 10
20 40010
16380 23650
40020 10
40020 10
37100 2930
620 39410
13620 26410
6540 33490
140 39890
33500 6530
39940 90
7300 32730
38260 1770
39660 370
20 40010
40020 10
380 39650
39860 170
33380 6650
5540 34490
25380 14650
9060 30970
40020 10
40020 10
40020 10
35540 4490
780 39250
20340 19690
4380 35650
380 39650
39380 650
40020 10
27580 12450
40020 10
39940 90
38900 1130
13380 26650
340 39690
460 39570
31140 8890
39980 50
39860 170
9580 30450
38100 1930
12580 27450
27580 12450
26980 13050
39500 530
7860 32170
32780 7250
40020 10
380 39650
40020 10
39580 450
14460 25570
27740 12290
14060 25970
20700 19330
19300 20730
40020 10
40020 10
39380 650
37060 2970
9300 30730
39940 90
35940 4090
39940 90
13300 26730
10460 29570
4060 35970
40020 10
39940 90
1580 38450
19820 20210
39660 370
38700 1330
35300 4730
40020 10
9380 30650
39900 130
18060 21970
35980 4050
20180 19850
39980 50
34780 5250
40020 10
18140 21890
38580 1450
39980 50
40020 10
10580 29450
31940 8090
40020 10
28260 11770
29740 10290
31220 8810
17020 23010
39940 90
39900 130
34980 5050
10420 29610
35860 4170
26260 13770
39180 850
1660 38370
39940 90
13100 26930
39740 290
18460 21570
6420 33610
14340 25690
39180 850
15740 24290
37140 2890
26500 13530
25980 14050
25740 14290
36980 3050
40020 10
23180 16850
60 39970
39820 210
39980 50
38460 1570
38300 1730
39980 50
6260 33770
39980 50
39900 130
7180 32850
27900 12130
39940 90
38820 1210
60 39970
12260 27770
2020 38010
34820 5210
39220 810
1460 38570
40020 10
40020 10
40020 10
38100 1930
40020 10
38860 1170
35980 4050
37380 2650
40020 10
19580 20450
33220 6810
29340 10690
38380 1650
40020 10
29900 10130
30860 9170
38460 1570
13300 26730
1500 38530
40020 10
22060 17970
39060 970
1180 38850
1740 38290
15860 24170
39380 650
40020 10
20380 19650
780 39250
40020 10
39900 130
660 39370
33460 6570
980 39050
20 40010
40020 10
4860 35170
39140 890
40020 10
29780 10250
39860 170
39900 130
35860 4170
34300 5730
37060 2970
39820 210
100 39930
9700 30330
30100 9930
37940 2090
28380 11650
9540 30490
27340 12690
20060 19970
39980 50
1420 38610
39740 290
19780 20250
32940 7090
39940 90
260 39770
38780 1250
39940 90
31140 8890
12860 27170
35820 4210
37540 2490
27660 12370
1180 38850
39780 250
9780 30250
36140 3890
40020 10
24740 15290
6820 33210
39900 130
40020 10
40020 10
38540 1490
34140 5890
23700 16330
34260 5770
17580 22450
38900 1130
40020 10
32260 7770
30020 10010
16180 23850
4860 35170
1580 38450
18500 21530
31980 8050
39460 570
21620 18410
39820 210
38860 1170
37740 2290
39940 90
860 39170
38940 1090
35100 4930
6140 33890
13260 26770
35940 4090
40020 10
39860 170
4260 35770
1700 38330
580 39450
8300 31730
8940 31090
39980 50
36300 3730
20220 19810
32460 7570
39860 170
2740 37290
34140 5890
1220 38810
38300 1730
40020 10
8460 31570
28780 11250
36020 4010
19100 20930
40020 10
39940 90
40020 10
23700 16330
13700 26330
39620 410
1060 38970
19540 20490
38500 1530
40020 10
32220 7810
39700 330
35580 4450
31220 8810
40020 10
36380 3650
7820 32210
39940 90
39500 530
40020 10
37180 2850
39900 130
5540 34490
26580 13450
36940 3090
37780 2250
28940 11090
29460 10570
25140 14890
39740 290
9020 31010
38500 1530
39460 570
17740 22290
15260 24770
38620 1410
30260 9770
40020 10
13500 26530
4980 35050
37740 2290
37620 2410
36780 3250
12580 27450
38020 2010
31340 8690
39820 210
860 39170
37940 2090
38500 1530
39820 210
40020 10
33820 6210
39340 690
38260 1770
33980 6050
39740 290
37980 2050
580 39450
17060 22970
37420 2610
40020 10
40020 10
38820 1210
40020 10
27820 12210
33660 6370
33740 6290
540 39490
39700 330
12900 27130
38900 1130
39380 650
40020 10
220 39810
39060 970
35180 4850
39940 90
38900 1130
14500 25530
30660 9370
38940 1090
37740 2290
38580 1450
22660 17370
39940 90
24860 15170
36420 3610
27340 12690
17380 22650
37660 2370
40020 10
38820 1210
40020 10
40020 10
39620 410
40020 10
20940 19090
20 40010
20020 20010
8700 31330
35820 4210
20820 19210
5540 34490
39860 170
39980 50
35100 4930
21100 18930
40020 10
36100 3930
32620 7410
13900 26130
4180 35850
39180 850
2900 37130
5940 34090
38300 1730
39420 610
37980 2050
100 39930
40020 10
19060 20970
40020 10
31700 8330
31780 8250
25540 14490
24860 15170
39940 90
39980 50
39980 50
3860 36170
32980 7050
33740 6290
40020 10
39900 130
7860 32170
40020 10
39740 290
27100 12930
39820 210
39940 90
39260 770
37420 2610
40020 10
40020 10
39420 610
37500 2530
39580 450
1420 38610
5220 34810
1580 38450
30700 9330
24180 15850
29900 10130
39300 730
39820 210
38940 1090
40020 10
20 40010
4260 35770
37340 2690
36220 3810
17900 22130
4980 35050
35820 4210
40020 10
25180 14850
38020 2010
40020 10
34820 5210
39780 250
39900 130
40020 10
16300 23730
40020 10
32180 7850
2260 37770
40020 10
40020 10
40020 10
19860 20170
38700 1330
38380 1650
1820 38210
21660 18370
39820 210
39900 130
4860 35170
31380 8650
34700 5330
40020 10
21380 18650
39540 490
23780 16250
38540 1490
18340 21690
38420 1610
7580 32450
40020 10
780 39250
2420 37610
40020 10
700 39330
60 39970
40020 10
31580 8450
39660 370
38380 1650
30980 9050
40020 10
39860 170
39060 970
36420 3610
30420 9610
36980 3050
13980 26050
18420 21610
36180 3850
39980 50
2380 37650
39860 170
39780 250
8580 31450
36500 3530
9580 30450
38460 1570
25020 15010
3820 36210
8060 31970
8180 31850
31220 8810
40020 10
28060 11970
27420 12610
33700 6330
20 40010
32940 7090
21180 18850
39980 50
39660 370
37420 2610
39980 50
28580 11450
40020 10
36580 3450
40020 10
14340 25690
39980 50
35100 4930
5300 34730
40020 10
40020 10
34940 5090
18980 21050
39820 210
8540 31490
1020 39010
37180 2850
40020 10
31500 8530
180 39850
40020 10
23580 16450
7820 32210
60 39970
27260 12770
15540 24490
35820 4210
24940 15090
40020 10
39860 170
8980 31050
39900 130
30020 10010
37260 2770
40020 10
24140 15890
26340 13690
21340 18690
33860 6170
34300 5730
26740 13290
38500 1530
40020 10
39580 450
39660 370
40020 10
36740 3290
17780 22250
31860 8170
460 39570
37740 2290
9540 30490
31100 8930
27820 12210
35700 4330
1780 38250
36580 3450
38580 1450
40020 10
31820 8210
40020 10
33180 6850
38340 1690
18300 21730
20 40010
4260 35770
780 39250
26700 13330
40020 10
39500 530
39580 450
37540 2490
26940 13090
37580 2450
37660 2370
35100 4930
26500 13530
39900 130
37780 2250
39620 410
40020 10
39780 250
38620 1410
17300 22730
18460 21570
31860 8170
35780 4250
38780 1250
39460 570
40020 10
38140 1890
24420 15610
39940 90
40020 10
17420 22610
30220 9810
9700 30330
3780 36250
35180 4850
39940 90
39220 810
380 39650
33100 6930
34740 5290
39420 610
3740 36290
21980 18050
4580 35450
37980 2050
29140 10890
6260 33770
39980 50
39900 130
36460 3570
30700 9330
38620 1410
1900 38130
19900 20130
12340 27690
40020 10
10500 29530
29020 11010
39980 50
30900 9130
37860 2170
38260 1770
39940 90
39620 410
60 39970
35940 4090
39540 490
27540 12490
10860 29170
21820 18210
39300 730
37700 2330
38620 1410
30980 9050
24500 15530
25420 14610
1740 38290
29780 10250
38060 1970
39940 90
28780 11250
13660 26370
60 39970
23460 16570
17060 22970
7180 32850
40020 10
1020 39010
38060 1970
13740 26290
21620 18410
7260 32770
40020 10
37380 2650
39980 50
580 39450
10780 29250
39220 810
40020 10
37180 2850
31460 8570
18820 21210
3780 36250
7140 32890
3460 36570
33900 6130
30500 9530
39620 410
39940 90
20460 19570
5540 34490
40020 10
40020 10
32380 7650
39220 810
34860 5170
2060 37970
39980 50
38060 1970
27780 12250
39500 530
39900 130
29900 10130
38100 1930
40020 10
28340 11690
25420 14610
15540 24490
40020 10
40020 10
23180 16850
40020 10
39940 90
39980 50
40020 10
40020 10
12500 27530
18980 21050
39540 490
39820 210
39300 730
39500 530
2780 37250
3460 36570
13060 26970
6700 33330
37820 2210
6340 33690
8780 31250
40020 10
16060 23970
38260 1770
31140 8890
13300 26730
40020 10
34980 5050
3420 36610
7460 32570
39700 330
9380 30650
33740 6290
40020 10
25180 14850
39660 370
40020 10
11100 28930
32980 7050
33300 6730
36060 3970
40020 10
16940 23090
1020 39010
39780 250
39980 50
28180 11850
15180 24850
37780 2250
660 39370
39940 90
40020 10
38140 1890
38780 1250
3580 36450
39980 50
38340 1690
5340 34690
5140 34890
4820 35210
39100 930
33220 6810
38380 1650
34500 5530
460 39570
1900 38130
39700 330
32340 7690
39460 570
6900 33130
36500 3530
39940 90
32540 7490
420 39610
20 40010
39900 130
39420 610
1460 38570
900 39130
1700 38330
37580 2450
39860 170
700 39330
260 39770
19460 20570
14100 25930
39660 370
19380 20650
11540 28490
38340 1690
3180 36850
39900 130
37540 2490
20300 19730
40020 10
39580 450
35580 4450
39780 250
35340 4690
220 39810
39940 90
40020 10
28700 11330
39700 330
37060 2970
38380 1650
3620 36410
40020 10
29780 10250
37820 2210
39980 50
40020 10
36780 3250
27060 12970
6260 33770
37260 2770
36980 3050
3060 36970
38780 1250
40020 10
20220 19810
19020 21010
39140 890
12260 27770
39420 610
39620 410
39740 290
17100 22930
38580 1450
4980 35050
39780 250
40020 10
27340 12690
40020 10
31700 8330
2260 37770
23340 16690
22220 17810
39700 330
39860 170
980 39050
34860 5170
30700 9330
40020 10
39660 370
23020 17010
1180 38850
34220 5810
39220 810
2340 37690
40020 10
36140 3890
23980 16050
40020 10
60 39970
15380 24650
32340 7690
39660 370
1100 38930
38700 1330
40020 10
34460 5570
9460 30570
16820 23210
5460 34570
380 39650
8860 31170
37420 2610
40020 10
27220 12810
37140 2890
40020 10
28340 11690
22820 17210
39580 450
2260 37770
40020 10
20820 19210
29660 10370
40020 10
27300 12730
30420 9610
40020 10
35340 4690
20 40010
38220 1810
26860 13170
21100 18930
32460 7570
620 39410
35620 4410
32460 7570
16780 23250
11500 28530
5100 34930
380 39650
39380 650
37340 2690
15700 24330
33980 6050
39980 50
2140 37890
39460 570
39980 50
9580 30450
11340 28690
5940 34090
7540 32490
37820 2210
26900 13130
40020 10
40020 10
39940 90
40020 10
25700 14330
35500 4530
35340 4690
31940 8090
39940 90
18620 21410
26460 13570
39540 490
17100 22930
39700 330
39940 90
25700 14330
39900 130
14700 25330
5540 34490
28820 11210
39420 610
15260 24770
21980 18050
5020 35010
39700 330
1660 38370
11060 28970
39380 650
6900 33130
40020 10
39460 570
34700 5330
39820 210
27500 12530
100 39930
40020 10
18620 21410
27220 12810
1700 38330
40020 10
33460 6570
36860 3170
35940 4090
39380 650
10820 29210
39220 810
7100 32930
220 39810
10660 29370
38620 1410
20420 19610
35140 4890
36780 3250
40020 10
38420 1610
40020 10
39940 90
18700 21330
39460 570
29100 10930
37700 2330
15540 24490
34300 5730
32540 7490
32900 7130
39700 330
60 39970
39940 90
38980 1050
39780 250
7380 32650
38980 1050
4300 35730
40020 10
40020 10
14820 25210
60 39970
16620 23410
39940 90
2260 37770
39700 330
40020 10
40020 10
38260 1770
2820 37210
26180 13850
20460 19570
33940 6090
39780 250
32820 7210
40020 10
38260 1770
39860 170
7020 33010
39380 650
31060 8970
2300 37730
35300 4730
8860 31170
38980 1050
34980 5050
38980 1050
31980 8050
25860 14170
20 40010
24900 15130
3580 36450
820 39210
18980 21050
25460 14570
22740 17290
5860 34170
39940 90
39900 130
3300 36730
11580 28450
540 39490
6460 33570
23500 16530
34020 6010
38860 1170
4500 35530
39660 370
260 39770
32940 7090
20 40010
40020 10
5380 34650
28540 11490
22140 17890
23460 16570
8820 31210
10540 29490
39620 410
27940 12090
19860 20170
28540 11490
37300 2730
14220 25810
37140 2890
37460 2570
25100 14930
15900 24130
33220 6810
7140 32890
4620 35410
39740 290
2340 37690
37820 2210
2100 37930
5300 34730
5140 34890
40020 10
3340 36690
22820 17210
6820 33210
21180 18850
1340 38690
39780 250
16900 23130
6700 33330
23180 16850
33820 6210
39900 130
40020 10
6900 33130
1820 38210
33540 6490
39660 370
1940 38090
700 39330
40020 10
40020 10
39980 50
38940 1090
3500 36530
35660 4370
22220 17810
20020 20010
24140 15890
18380 21650
28940 11090
33420 6610
39980 50
28780 11250
5500 34530
4780 35250
25740 14290
39700 330
22020 18010
20 40010
17060 22970
38620 1410
36940 3090
29620 10410
100 39930
5060 34970
39540 490
25420 14610
1140 38890
40020 10
34340 5690
39980 50
940 39090
420 39610
19940 20090
40020 10
40020 10
12020 28010
4020 36010
39660 370
39980 50
1220 38810
39940 90
1820 38210
38780 1250
25380 14650
40020 10
29580 10450
19740 20290
1220 38810
15020 25010
39220 810
39900 130
18540 21490
37180 2850
11540 28490
28700 11330
39620 410
38660 1370
40020 10
39980 50
39220 810
30020 10010
2740 37290
36220 3810
3820 36210
9980 30050
39860 170
40020 10
15940 24090
28660 11370
