38380 1650
39780 250
33180 6850
21900 18130
20980 19050
25900 14130
17420 22610
27860 12170
29460 10570
6780 33250
12780 27250
36780 3250
35380 4650
25980 14050
29540 10490
5060 34970
21620 18410
780 39250
36780 3250
35900 4130
38100 1930
14380 25650
25580 14450
33500 6530
28700 11330
32660 7370
9900 30130
39140 890
38060 1970
33060 6970
37500 2530
35660 4370
6860 33170
26980 13050
15020 25010
33500 6530
29380 10650
38340 1690
38980 1050
37500 2530
21260 18770
18980 21050
37300 2730
37260 2770
38700 1330
6060 33970
9340 30690
34380 5650
37020 3010
5180 34850
37620 2410
38540 1490
39940 90
27620 12410
37060 2970
29260 10770
38460 1570
39860 170
13980 26050
4060 35970
16820 23210
25060 14970
36100 3930
31140 8890
39140 890
30620 9410
38580 1450
35460 4570
20420 19610
24540 15490
39020 1010
32060 7970
18140 21890
36420 3610
37820 2210
34900 5130
35340 4690
14940 25090
14940 25090
37140 2890
40020 10
18020 22010
2020 38010
32620 7410
15140 24890
10460 29570
28900 11130
7300 32730
32260 7770
20940 19090
3700 36330
25620 14410
21980 18050
2220 37810
26820 13210
18380 21650
38820 1210
5100 34930
14220 25810
28300 11730
17820 22210
33860 6170
14380 25650
27780 12250
27540 12490
25500 14530
37620 2410
35260 4770
38620 1410
31100 8930
15900 24130
37740 2290
38380 1650
5820 34210
36220 3810
34580 5450
28420 11610
6260 33770
37140 2890
33500 6530
37540 2490
26020 14010
37420 2610
12060 27970
18220 21810
4900 35130
35020 5010
33820 6210
29140 10890
40020 10
13900 26130
26780 13250
34940 5090
29780 10250
37540 2490
38220 1810
39700 330
13020 27010
27140 12890
34980 5050
39340 690
38740 1290
36420 3610
39060 970
34500 5530
10780 29250
26700 13330
39620 410
38740 1290
32900 7130
28580 11450
27940 12090
29940 10090
34900 5130
32020 8010
38380 1650
38060 1970
5220 34810
29100 10930
37220 2810
36860 3170
13380 26650
2860 37170
2980 37050
39860 170
20940 19090
39540 490
13820 26210
35660 4370
28500 11530
11980 28050
16460 23570
33300 6730
7580 32450
28540 11490
39460 570
28460 11570
25020 15010
19260 20770
6060 33970
39460 570
18100 21930
23140 16890
13500 26530
33940 6090
17180 22850
32300 7730
25700 14330
30180 9850
13860 26170
36980 3050
13540 26490
17060 22970
20740 19290
17260 22770
36420 3610
27660 12370
38860 1170
16660 23370
11860 28170
39660 370
34340 5690
5940 34090
17820 22210
12060 27970
32340 7690
39300 730
20300 19730
32300 7730
12740 27290
4340 35690
32260 7770
25380 14650
11980 28050
38460 1570
34580 5450
39860 170
22060 17970
19460 20570
39460 570
9860 30170
14700 25330
28780 11250
29420 10610
39780 250
35980 4050
39140 890
24220 15810
36340 3690
23980 16050
21980 18050
39940 90
34100 5930
30700 9330
9620 30410
39620 410
38740 1290
35540 4490
660 39370
39620 410
9580 30450
39980 50
9700 30330
38260 1770
20620 19410
39380 650
34220 5810
37900 2130
24580 15450
17220 22810
33700 6330
39700 330
27820 12210
16300 23730
35020 5010
35700 4330
37660 2370
39420 610
37180 2850
17700 22330
28020 12010
18580 21450
39660 370
37100 2930
32020 8010
38460 1570
8420 31610
39420 610
39820 210
25540 14490
37300 2730
27700 12330
16180 23850
11300 28730
18940 21090
16060 23970
33180 6850
28860 11170
14300 25730
35580 4450
23140 16890
40020 10
36660 3370
28580 11450
24260 15770
27460 12570
28020 12010
1860 38170
14380 25650
38540 1490
36980 3050
34420 5610
20580 19450
24900 15130
20780 19250
9860 30170
38500 1530
39140 890
5300 34730
35780 4250
38220 1810
27660 12370
34740 5290
10100 29930
12220 27810
11860 28170
37340 2690
1500 38530
26220 13810
5220 34810
34100 5930
19540 20490
39460 570
39580 450
12540 27490
900 39130
39500 530
38500 1530
40020 10
17300 22730
26980 13050
39740 290
6580 33450
17460 22570
29460 10570
30460 9570
15500 24530
23260 16770
30940 9090
8100 31930
37820 2210
18620 21410
20460 19570
10780 29250
28900 11130
1340 38690
12780 27250
14300 25730
35900 4130
30060 9970
37500 2530
10580 29450
16060 23970
37300 2730
22060 17970
34780 5250
36540 3490
29260 10770
30180 9850
13500 26530
39260 770
11260 28770
12380 27650
18900 21130
36500 3530
21980 18050
15060 24970
27020 13010
32420 7610
36420 3610
35140 4890
25180 14850
18460 21570
34340 5690
31820 8210
38780 1250
6460 33570
23740 16290
35820 4210
7060 32970
36580 3450
39660 370
39980 50
37340 2690
27820 12210
16100 23930
10180 29850
35620 4410
39140 890
36900 3130
40020 10
19740 20290
37220 2810
27500 12530
37140 2890
30700 9330
33460 6570
36300 3730
4460 35570
32700 7330
7980 32050
35460 4570
26020 14010
37420 2610
39100 930
900 39130
23500 16530
4060 35970
24140 15890
21900 18130
18540 21490
39260 770
38900 1130
34340 5690
37940 2090
24740 15290
20220 19810
39900 130
39940 90
26740 13290
40020 10
39820 210
8900 31130
17420 22610
21980 18050
27300 12730
35420 4610
16140 23890
34660 5370
39660 370
39580 450
10700 29330
31260 8770
38100 1930
22700 17330
13820 26210
39660 370
1500 38530
14020 26010
20140 19890
10380 29650
32620 7410
37340 2690
19100 20930
39660 370
25460 14570
25260 14770
29620 10410
9100 30930
30420 9610
3260 36770
39780 250
32980 7050
2020 38010
36940 3090
39100 930
36660 3370
18700 21330
30580 9450
31460 8570
6660 33370
38300 1730
7740 32290
36940 3090
39100 930
38380 1650
11900 28130
9900 30130
31740 8290
38860 1170
24740 15290
39900 130
40020 10
6100 33930
26100 13930
17060 22970
38860 1170
34820 5210
39740 290
22100 17930
34500 5530
39980 50
17060 22970
26700 13330
5020 35010
39220 810
6060 33970
10900 29130
20420 19610
28700 11330
29140 10890
30740 9290
32460 7570
37540 2490
37180 2850
36180 3850
14420 25610
380 39650
25540 14490
23660 16370
30020 10010
38300 1730
10180 29850
11300 28730
30380 9650
37980 2050
14180 25850
17940 22090
26740 13290
39020 1010
19860 20170
4500 35530
39460 570
29900 10130
29140 10890
9140 30890
35140 4890
17140 22890
39260 770
32900 7130
8460 31570
35980 4050
1260 38770
37980 2050
29540 10490
39820 210
39580 450
34060 5970
14260 25770
28380 11650
6740 33290
12180 27850
30540 9490
9660 30370
39700 330
29140 10890
35500 4530
38980 1050
31860 8170
22340 17690
39300 730
11380 28650
35420 4610
12420 27610
12540 27490
12740 27290
34460 5570
3060 36970
36140 3890
33900 6130
4980 35050
32700 7330
37620 2410
13380 26650
33140 6890
26460 13570
23060 16970
22260 17770
17260 22770
21580 18450
25900 14130
39860 170
28940 11090
31420 8610
23020 17010
29580 10450
31900 8130
4540 35490
37620 2410
27180 12850
29940 10090
20780 19250
25020 15010
38940 1090
22060 17970
37980 2050
18460 21570
16420 23610
38660 1370
34380 5650
21260 18770
9380 30650
24940 15090
29900 10130
36900 3130
9020 31010
40020 10
39740 290
6020 34010
21900 18130
8180 31850
24300 15730
39980 50
33340 6690
18700 21330
20300 19730
28980 11050
1780 38250
25980 14050
16180 23850
40020 10
23340 16690
38900 1130
3100 36930
39500 530
16260 23770
25060 14970
36340 3690
26700 13330
26420 13610
37300 2730
39660 370
39740 290
29900 10130
32580 7450
39820 210
25980 14050
10700 29330
34260 5770
22700 17330
13260 26770
27820 12210
16060 23970
38580 1450
2620 37410
40020 10
24860 15170
7020 33010
27300 12730
39100 930
23660 16370
38300 1730
26780 13250
25020 15010
32940 7090
36660 3370
31460 8570
27500 12530
30780 9250
32420 7610
10460 29570
38980 1050
22100 17930
24700 15330
27780 12250
34860 5170
30260 9770
14700 25330
15340 24690
27580 12450
34300 5730
36220 3810
10540 29490
16980 23050
25500 14530
38620 1410
33900 6130
13620 26410
27180 12850
39220 810
4820 35210
33060 6970
20900 19130
24340 15690
32020 8010
28700 11330
30820 9210
33580 6450
37100 2930
39300 730
18460 21570
32820 7210
540 39490
39820 210
39620 410
15260 24770
33060 6970
10660 29370
5340 34690
8420 31610
30740 9290
13420 26610
15340 24690
28260 11770
9540 30490
15340 24690
36260 3770
27660 12370
39660 370
37660 2370
24660 15370
35820 4210
13980 26050
21900 18130
25700 14330
7860 32170
31460 8570
18340 21690
39740 290
36260 3770
24140 15890
4220 35810
14940 25090
2220 37810
30020 10010
14300 25730
32380 7650
37060 2970
35700 4330
540 39490
37980 2050
23860 16170
25900 14130
13420 26610
39060 970
22540 17490
40020 10
13900 26130
40020 10
35540 4490
13980 26050
30300 9730
19700 20330
30060 9970
34540 5490
33260 6770
39620 410
40020 10
39940 90
10380 29650
34220 5810
38940 1090
38180 1850
23940 16090
6460 33570
20340 19690
16940 23090
38540 1490
36380 3650
40020 10
39980 50
33180 6850
23500 16530
38380 1650
14380 25650
30540 9490
39940 90
36580 3450
39420 610
3420 36610
10700 29330
29980 10050
37900 2130
33380 6650
31260 8770
35220 4810
32900 7130
37540 2490
10780 29250
37860 2170
5780 34250
37820 2210
38100 1930
39940 90
28740 11290
22260 17770
8620 31410
14220 25810
30500 9530
7140 32890
27420 12610
30500 9530
26860 13170
16340 23690
28820 11210
38220 1810
24940 15090
38140 1890
31740 8290
37660 2370
8860 31170
15100 24930
33580 6450
32260 7770
30500 9530
13580 26450
21580 18450
37180 2850
18660 21370
13100 26930
4860 35170
37220 2810
7100 32930
35940 4090
37740 2290
39420 610
1260 38770
6620 33410
24180 15850
22260 17770
35180 4850
15940 24090
18860 21170
39300 730
23580 16450
17740 22290
32500 7530
19420 20610
37780 2250
39420 610
36180 3850
38580 1450
5180 34850
38100 1930
32300 7730
34900 5130
30660 9370
39020 1010
36100 3930
6620 33410
32620 7410
38140 1890
35340 4690
2460 37570
30060 9970
36180 3850
30780 9250
140 39890
5140 34890
6580 33450
39540 490
13900 26130
27740 12290
32540 7490
13420 26610
37780 2250
15020 25010
28540 11490
39860 170
39980 50
19260 20770
23700 16330
35780 4250
24540 15490
33700 6330
7420 32610
16180 23850
21260 18770
39020 1010
32620 7410
34020 6010
31580 8450
17340 22690
29940 10090
34140 5890
17700 22330
6100 33930
39980 50
38700 1330
34460 5570
39940 90
36460 3570
36700 3330
39740 290
2460 37570
35740 4290
17340 22690
39980 50
37660 2370
38820 1210
23860 16170
14260 25770
35660 4370
28300 11730
25060 14970
40020 10
13540 26490
31020 9010
34340 5690
32820 7210
28420 11610
10660 29370
35460 4570
29620 10410
37140 2890
20780 19250
39420 610
37220 2810
37500 2530
40020 10
38900 1130
15220 24810
38620 1410
16780 23250
15580 24450
24740 15290
14060 25970
10940 29090
21540 18490
23700 16330
3780 36250
22060 17970
17900 22130
21220 18810
31060 8970
36140 3890
39260 770
17380 22650
4580 35450
39380 650
13180 26850
12580 27450
37620 2410
30100 9930
36180 3850
30540 9490
39900 130
32180 7850
20540 19490
22660 17370
32460 7570
20860 19170
38900 1130
39980 50
220 39810
32180 7850
22900 17130
38460 1570
29540 10490
12740 27290
30740 9290
26140 13890
33780 6250
38220 1810
29300 10730
22740 17290
28900 11130
38500 1530
10740 29290
28660 11370
32700 7330
36620 3410
35060 4970
3180 36850
180 39850
19140 20890
32060 7970
31580 8450
40020 10
15940 24090
24260 15770
14340 25690
17940 22090
39980 50
12940 27090
28540 11490
35780 4250
40020 10
4340 35690
39940 90
38100 1930
4860 35170
36220 3810
38300 1730
34740 5290
16860 23170
4620 35410
21180 18850
18700 21330
15820 24210
31380 8650
36300 3730
39500 530
39220 810
4540 35490
33780 6250
39780 250
32740 7290
20580 19450
39460 570
25380 14650
24020 16010
24580 15450
33460 6570
21500 18530
32540 7490
39540 490
31860 8170
26220 13810
6100 33930
28500 11530
24580 15450
10820 29210
39900 130
29980 10050
21340 18690
35060 4970
39620 410
36860 3170
39700 330
40020 10
36740 3290
25180 14850
38900 1130
13100 26930
29460 10570
22540 17490
16540 23490
36860 3170
39980 50
39380 650
2060 37970
35460 4570
36020 4010
36260 3770
17300 22730
30140 9890
11900 28130
17100 22930
9340 30690
27100 12930
36180 3850
35740 4290
9580 30450
27940 12090
23420 16610
38420 1610
35140 4890
28820 11210
39380 650
28740 11290
9540 30490
34700 5330
24260 15770
460 39570
33820 6210
30620 9410
18900 21130
31700 8330
34900 5130
13020 27010
39820 210
17220 22810
27980 12050
1260 38770
1860 38170
31820 8210
17540 22490
37940 2090
39820 210
15980 24050
22940 17090
60 39970
40020 10
30580 9450
11140 28890
39700 330
13660 26370
23100 16930
39980 50
35180 4850
34860 5170
40020 10
23380 16650
39340 690
13460 26570
37500 2530
38220 1810
14780 25250
21740 18290
18540 21490
31420 8610
39740 290
36980 3050
23820 16210
31940 8090
38420 1610
39100 930
25260 14770
36060 3970
34900 5130
5060 34970
30620 9410
32460 7570
35940 4090
16460 23570
9180 30850
34940 5090
22940 17090
39460 570
36700 3330
6380 33650
27500 12530
38740 1290
38580 1450
3420 36610
3260 36770
28500 11530
29900 10130
37540 2490
30380 9650
35820 4210
32260 7770
33580 6450
31900 8130
30500 9530
25580 14450
6340 33690
7540 32490
39620 410
12940 27090
38900 1130
35220 4810
21180 18850
35540 4490
38100 1930
38300 1730
35460 4570
8460 31570
38980 1050
19900 20130
39940 90
2540 37490
18740 21290
36700 3330
25420 14610
24620 15410
3260 36770
12620 27410
36620 3410
29220 10810
37020 3010
31820 8210
39420 610
29780 10250
33180 6850
19500 20530
21340 18690
24300 15730
11500 28530
14580 25450
35460 4570
4460 35570
16940 23090
39820 210
28460 11570
18580 21450
31180 8850
35580 4450
38500 1530
31060 8970
38380 1650
37300 2730
31620 8410
39980 50
30940 9090
9100 30930
28540 11490
38220 1810
37900 2130
27980 12050
18620 21410
39220 810
36420 3610
39180 850
2340 37690
37180 2850
39580 450
40020 10
39900 130
30820 9210
39100 930
22820 17210
12340 27690
11340 28690
22060 17970
40020 10
40020 10
33180 6850
19060 20970
4340 35690
13980 26050
5500 34530
39100 930
35780 4250
39820 210
28860 11170
35380 4650
32460 7570
37180 2850
32980 7050
22420 17610
29460 10570
35260 4770
31820 8210
36100 3930
16660 23370
38460 1570
26900 13130
36580 3450
33300 6730
35500 4530
39980 50
33300 6730
40020 10
38420 1610
12660 27370
34100 5930
10180 29850
8780 31250
11780 28250
24180 15850
260 39770
36740 3290
40020 10
38940 1090
39780 250
37220 2810
39980 50
18500 21530
29620 10410
19820 20210
16340 23690
32820 7210
18580 21450
40020 10
39460 570
15820 24210
26020 14010
31860 8170
24220 15810
39860 170
4020 36010
38700 1330
14100 25930
29820 10210
20620 19410
39180 850
11820 28210
39860 170
31700 8330
2700 37330
39020 1010
36940 3090
3540 36490
740 39290
37300 2730
12020 28010
30180 9850
16980 23050
37940 2090
7780 32250
9860 30170
26100 13930
29420 10610
39540 490
38340 1690
39900 130
300 39730
7260 32770
24980 15050
18580 21450
28940 11090
33140 6890
32140 7890
23420 16610
31220 8810
28140 11890
19420 20610
40020 10
36340 3690
8540 31490
39140 890
18260 21770
29020 11010
40020 10
20100 19930
39820 210
30500 9530
34260 5770
28740 11290
9780 30250
35620 4410
33780 6250
13260 26770
5980 34050
38460 1570
27620 12410
39660 370
39780 250
33780 6250
17060 22970
37660 2370
35500 4530
24860 15170
13820 26210
19220 20810
37860 2170
9260 30770
36860 3170
11220 28810
37860 2170
39740 290
13580 26450
30100 9930
9660 30370
39980 50
28900 11130
17740 22290
14100 25930
29660 10370
700 39330
39780 250
24620 15410
14540 25490
39860 170
22380 17650
26860 13170
19100 20930
38220 1810
33300 6730
39980 50
2180 37850
18860 21170
33500 6530
37260 2770
34700 5330
34100 5930
12900 27130
12220 27810
37780 2250
19940 20090
31060 8970
12500 27530
31300 8730
22900 17130
21220 18810
34540 5490
28260 11770
26620 13410
33380 6650
33420 6610
34660 5370
37300 2730
30900 9130
11180 28850
24740 15290
36980 3050
34940 5090
32140 7890
21540 18490
37140 2890
16940 23090
9580 30450
17300 22730
31460 8570
39580 450
31940 8090
39860 170
39420 610
36140 3890
39620 410
20860 19170
39060 970
36220 3810
14420 25610
27500 12530
13820 26210
9300 30730
40020 10
5940 34090
38820 1210
8460 31570
36140 3890
38860 1170
39980 50
38460 1570
36780 3250
8860 31170
26820 13210
37340 2690
3980 36050
25060 14970
13340 26690
28100 11930
25100 14930
36580 3450
34940 5090
28060 11970
38340 1690
20020 20010
8980 31050
31660 8370
28260 11770
39460 570
32300 7730
12460 27570
26780 13250
18220 21810
20460 19570
12340 27690
32660 7370
21340 18690
8020 32010
39020 1010
35860 4170
33620 6410
1340 38690
15100 24930
11580 28450
16900 23130
35940 4090
11740 28290
39140 890
38300 1730
2420 37610
37860 2170
33500 6530
5780 34250
20060 19970
39940 90
14740 25290
36540 3490
32660 7370
29260 10770
10380 29650
17420 22610
14020 26010
22820 17210
36060 3970
36260 3770
32340 7690
3500 36530
39540 490
33340 6690
39660 370
28820 11210
14060 25970
36900 3130
19100 20930
22660 17370
38940 1090
34300 5730
14300 25730
33740 6290
11420 28610
2500 37530
25540 14490
37500 2530
37740 2290
39500 530
36300 3730
39540 490
39780 250
31980 8050
26140 13890
35260 4770
16780 23250
37620 2410
39420 610
11820 28210
32620 7410
35540 4490
12100 27930
11340 28690
40020 10
4380 35650
36700 3330
36940 3090
4860 35170
39980 50
30420 9610
26060 13970
35820 4210
4420 35610
35740 4290
39340 690
39020 1010
39660 370
39540 490
13100 26930
22020 18010
34700 5330
39340 690
18060 21970
15940 24090
36900 3130
40020 10
40020 10
39300 730
6580 33450
37980 2050
20820 19210
31180 8850
25260 14770
14900 25130
38940 1090
38300 1730
8060 31970
23340 16690
16540 23490
24660 15370
39060 970
15180 24850
31380 8650
36980 3050
39300 730
40020 10
5180 34850
22140 17890
5740 34290
27340 12690
11140 28890
30140 9890
31340 8690
14860 25170
25540 14490
31340 8690
27540 12490
36820 3210
22620 17410
39860 170
26420 13610
39580 450
10260 29770
1700 38330
15940 24090
30780 9250
14260 25770
39140 890
32260 7770
25740 14290
37540 2490
9500 30530
36420 3610
39820 210
25940 14090
25020 15010
28740 11290
4100 35930
40020 10
20820 19210
37780 2250
21860 18170
35660 4370
12900 27130
20700 19330
14460 25570
19700 20330
20500 19530
37140 2890
22260 17770
17420 22610
39900 130
11180 28850
28740 11290
30580 9450
38460 1570
20820 19210
34260 5770
19940 20090
33460 6570
26060 13970
28060 11970
32460 7570
24260 15770
13220 26810
10340 29690
33620 6410
26020 14010
40020 10
30060 9970
38340 1690
16500 23530
36700 3330
39780 250
33180 6850
38300 1730
30140 9890
3620 36410
39060 970
16300 23730
39980 50
860 39170
3540 36490
39580 450
36660 3370
38500 1530
37260 2770
6700 33330
39620 410
11580 28450
29860 10170
35740 4290
14780 25250
36060 3970
36620 3410
23140 16890
860 39170
23820 16210
39860 170
27420 12610
20100 19930
33940 6090
3900 36130
4020 36010
30300 9730
39900 130
12020 28010
39220 810
36900 3130
38260 1770
6460 33570
37580 2450
36060 3970
40020 10
32940 7090
7100 32930
35060 4970
37620 2410
820 39210
21380 18650
19500 20530
30340 9690
33500 6530
6100 33930
30820 9210
36380 3650
39380 650
30260 9770
25300 14730
33420 6610
20580 19450
35700 4330
18460 21570
9740 30290
32780 7250
34660 5370
36340 3690
3340 36690
39660 370
30220 9810
21420 18610
8100 31930
11220 28810
4300 35730
36460 3570
36220 3810
24140 15890
39740 290
27940 12090
27580 12450
18900 21130
28220 11810
34260 5770
24300 15730
5140 34890
33860 6170
30700 9330
14700 25330
35660 4370
6460 33570
37140 2890
38500 1530
10660 29370
39060 970
39740 290
8420 31610
35940 4090
22820 17210
20580 19450
5860 34170
26020 14010
31420 8610
2380 37650
23700 16330
40020 10
14140 25890
31500 8530
36700 3330
37100 2930
34940 5090
6500 33530
39540 490
36620 3410
39820 210
39420 610
29860 10170
31700 8330
19940 20090
24620 15410
11660 28370
13060 26970
17540 22490
20820 19210
37140 2890
33060 6970
26420 13610
39700 330
32220 7810
12260 27770
26140 13890
34700 5330
11020 29010
32620 7410
37740 2290
180 39850
2860 37170
39620 410
140 39890
12820 27210
860 39170
21460 18570
39100 930
39940 90
29060 10970
25380 14650
35780 4250
18620 21410
24620 15410
25900 14130
39100 930
38580 1450
21980 18050
34780 5250
17020 23010
38060 1970
34700 5330
25100 14930
100 39930
23660 16370
28780 11250
6900 33130
24140 15890
39860 170
14300 25730
3220 36810
39940 90
30740 9290
17260 22770
2460 37570
33900 6130
32820 7210
17380 22650
17900 22130
16900 23130
25900 14130
39980 50
14580 25450
25260 14770
31220 8810
35420 4610
39860 170
24500 15530
28220 11810
32700 7330
21100 18930
38500 1530
20740 19290
22340 17690
6860 33170
39940 90
20 40010
31340 8690
34580 5450
32060 7970
25620 14410
30900 9130
21220 18810
2300 37730
26860 13170
38300 1730
4900 35130
40020 10
25180 14850
39780 250
3300 36730
22540 17490
15980 24050
33780 6250
26460 13570
16820 23210
38220 1810
34460 5570
31500 8530
39620 410
12340 27690
39940 90
140 39890
31860 8170
37340 2690
39660 370
40020 10
20340 19690
29020 11010
15140 24890
35540 4490
14140 25890
34940 5090
28260 11770
9660 30370
18860 21170
39780 250
34940 5090
35820 4210
7540 32490
20900 19130
30820 9210
39700 330
39980 50
15060 24970
17980 22050
37020 3010
20620 19410
30260 9770
31780 8250
23740 16290
24860 15170
32580 7450
39820 210
33620 6410
17460 22570
1220 38810
39740 290
30620 9410
36060 3970
39420 610
24620 15410
22260 17770
4900 35130
16660 23370
32700 7330
40020 10
39100 930
31140 8890
11340 28690
39620 410
15500 24530
15300 24730
34460 5570
28100 11930
36140 3890
15420 24610
39460 570
31100 8930
37420 2610
11900 28130
9380 30650
34540 5490
22940 17090
37380 2650
20860 19170
39180 850
40020 10
28540 11490
35740 4290
25900 14130
3540 36490
29860 10170
33500 6530
38980 1050
24740 15290
26500 13530
36380 3650
25180 14850
39220 810
39740 290
39380 650
13700 26330
29380 10650
31020 9010
25060 14970
38980 1050
31060 8970
38740 1290
39900 130
37620 2410
24580 15450
29100 10930
22460 17570
32460 7570
20780 19250
36820 3210
7500 32530
19380 20650
33500 6530
6780 33250
39500 530
13500 26530
24500 15530
29180 10850
16700 23330
26340 13690
14740 25290
31580 8450
36780 3250
14980 25050
21700 18330
23300 16730
11980 28050
40020 10
26780 13250
38620 1410
20820 19210
10740 29290
20660 19370
32020 8010
39340 690
39820 210
38820 1210
23460 16570
25500 14530
21580 18450
39700 330
24220 15810
28340 11690
30820 9210
23820 16210
24300 15730
900 39130
34500 5530
19940 20090
32660 7370
180 39850
16100 23930
39860 170
26660 13370
40020 10
39940 90
23020 17010
9020 31010
24900 15130
29940 10090
20940 19090
2700 37330
13300 26730
28100 11930
39740 290
28900 11130
39140 890
27380 12650
14020 26010
34260 5770
15580 24450
10460 29570
36060 3970
24900 15130
940 39090
39900 130
1940 38090
34780 5250
33380 6650
10220 29810
32460 7570
39620 410
33740 6290
26460 13570
34460 5570
27180 12850
34460 5570
18980 21050
30180 9850
37020 3010
35820 4210
30900 9130
39860 170
7380 32650
27740 12290
36180 3850
39220 810
37020 3010
18540 21490
28420 11610
28860 11170
38940 1090
30620 9410
23820 16210
39940 90
6020 34010
29300 10730
22180 17850
36700 3330
39340 690
18780 21250
39980 50
26660 13370
14620 25410
35900 4130
26740 13290
6500 33530
39860 170
22540 17490
38060 1970
39220 810
22820 17210
10660 29370
22540 17490
27660 12370
36500 3530
24340 15690
37500 2530
37700 2330
28820 11210
34620 5410
17740 22290
39580 450
37220 2810
37540 2490
18380 21650
37740 2290
26900 13130
21220 18810
39860 170
38780 1250
31980 8050
27860 12170
38420 1610
37980 2050
39860 170
32180 7850
15620 24410
35140 4890
22020 18010
37900 2130
3020 37010
24100 15930
13020 27010
37300 2730
5620 34410
19100 20930
17820 22210
18860 21170
13460 26570
23460 16570
12420 27610
26420 13610
39860 170
6700 33330
35300 4730
25620 14410
38340 1690
36420 3610
34900 5130
37500 2530
16260 23770
39020 1010
32900 7130
39980 50
38140 1890
7420 32610
6820 33210
24340 15690
8900 31130
34220 5810
38020 2010
2220 37810
37340 2690
37900 2130
38900 1130
3140 36890
39460 570
15340 24690
31620 8410
16860 23170
39900 130
24260 15770
34340 5690
34060 5970
7180 32850
2060 37970
3380 36650
6460 33570
19380 20650
14380 25650
35300 4730
33300 6730
18700 21330
24660 15370
30980 9050
28700 11330
8140 31890
15420 24610
11060 28970
28180 11850
16980 23050
10780 29250
38020 2010
23500 16530
14820 25210
32060 7970
38900 1130
34340 5690
28460 11570
18900 21130
22140 17890
39900 130
35740 4290
31980 8050
6140 33890
26260 13770
18020 22010
5340 34690
4100 35930
16420 23610
34620 5410
10500 29530
28780 11250
22620 17410
36420 3610
35700 4330
26100 13930
23900 16130
39140 890
40020 10
30660 9370
21100 18930
32940 7090
37580 2450
29580 10450
2020 38010
15660 24370
39740 290
28420 11610
24940 15090
33540 6490
29620 10410
22540 17490
26300 13730
34300 5730
2380 37650
24220 15810
30220 9810
26140 13890
39460 570
38980 1050
24180 15850
33860 6170
37060 2970
26940 13090
10540 29490
980 39050
36420 3610
3580 36450
25780 14250
39580 450
38660 1370
27180 12850
35340 4690
13460 26570
35020 5010
21860 18170
6060 33970
24380 15650
34580 5450
29820 10210
15500 24530
8060 31970
36980 3050
32420 7610
34580 5450
34660 5370
25700 14330
27820 12210
15620 24410
15780 24250
39660 370
36500 3530
5580 34450
33140 6890
33180 6850
33260 6770
23700 16330
31220 8810
37660 2370
9820 30210
36100 3930
33140 6890
31820 8210
33500 6530
26060 13970
38060 1970
40020 10
40020 10
35140 4890
13500 26530
39180 850
37140 2890
12940 27090
7740 32290
21140 18890
39460 570
38300 1730
9220 30810
26580 13450
39980 50
31780 8250
27540 12490
14220 25810
37660 2370
30740 9290
21620 18410
38380 1650
25540 14490
14180 25850
39900 130
31020 9010
19780 20250
29460 10570
5460 34570
35340 4690
36500 3530
17180 22850
36580 3450
8340 31690
29460 10570
32380 7650
13500 26530
17260 22770
36100 3930
8060 31970
18140 21890
30660 9370
4820 35210
33500 6530
38780 1250
38500 1530
37340 2690
33020 7010
7620 32410
37500 2530
37780 2250
39780 250
20620 19410
13660 26370
39740 290
28780 11250
37340 2690
29980 10050
39740 290
31860 8170
30020 10010
31820 8210
30900 9130
6820 33210
18540 21490
21500 18530
38460 1570
33220 6810
32740 7290
23380 16650
38420 1610
39740 290
8980 31050
33620 6410
30540 9490
35820 4210
900 39130
17220 22810
24180 15850
33820 6210
18580 21450
23460 16570
19500 20530
37460 2570
38340 1690
32540 7490
35300 4730
2420 37610
36580 3450
38180 1850
10220 29810
33980 6050
38900 1130
19580 20450
1540 38490
39980 50
32380 7650
9780 30250
11740 28290
16260 23770
16580 23450
39940 90
36460 3570
3020 37010
38740 1290
24060 15970
22660 17370
11460 28570
40020 10
24300 15730
12460 27570
39100 930
39980 50
20180 19850
17180 22850
13300 26730
39060 970
28380 11650
23140 16890
10180 29850
7380 32650
31540 8490
37420 2610
9260 30770
1780 38250
22620 17410
36980 3050
38460 1570
32700 7330
32980 7050
22700 17330
28660 11370
25540 14490
22220 17810
1340 38690
16540 23490
29940 10090
16740 23290
30860 9170
5220 34810
3660 36370
39820 210
15660 24370
15940 24090
40020 10
10780 29250
38300 1730
29260 10770
25420 14610
340 39690
39740 290
29300 10730
30980 9050
37780 2250
32820 7210
32900 7130
35500 4530
33420 6610
39460 570
24980 15050
17620 22410
38540 1490
26300 13730
14460 25570
11860 28170
13620 26410
16620 23410
39420 610
39580 450
25900 14130
24780 15250
34180 5850
36060 3970
28020 12010
17380 22650
36340 3690
6540 33490
28620 11410
16980 23050
21900 18130
14300 25730
22420 17610
140 39890
32460 7570
38020 2010
5140 34890
37660 2370
24660 15370
39580 450
5020 35010
39220 810
16580 23450
39580 450
34980 5050
21060 18970
26780 13250
6940 33090
28660 11370
40020 10
30380 9650
15860 24170
39740 290
28940 11090
35380 4650
18940 21090
37780 2250
19300 20730
35060 4970
28580 11450
36500 3530
39100 930
37260 2770
19740 20290
19940 20090
2100 37930
39940 90
820 39210
39580 450
20460 19570
25220 14810
180 39850
26780 13250
33780 6250
24060 15970
27620 12410
12700 27330
19100 20930
26500 13530
39820 210
18660 21370
33860 6170
34300 5730
17660 22370
26900 13130
25980 14050
38900 1130
27260 12770
25980 14050
26500 13530
3460 36570
38740 1290
37500 2530
32860 7170
32620 7410
19980 20050
14980 25050
33340 6690
39340 690
38060 1970
26860 13170
23620 16410
26540 13490
9780 30250
39260 770
17060 22970
28420 11610
34660 5370
33500 6530
4620 35410
37820 2210
39260 770
38580 1450
12140 27890
23220 16810
31980 8050
29780 10250
38060 1970
28020 12010
19220 20810
6860 33170
14060 25970
39020 1010
21700 18330
1180 38850
39180 850
17860 22170
4580 35450
28660 11370
38620 1410
38900 1130
9060 30970
36620 3410
28780 11250
37980 2050
37140 2890
25740 14290
28180 11850
260 39770
36740 3290
29540 10490
31420 8610
40020 10
39740 290
39180 850
38700 1330
12140 27890
36900 3130
33180 6850
8740 31290
37180 2850
36420 3610
14780 25250
38020 2010
38620 1410
10100 29930
39700 330
37660 2370
31100 8930
12460 27570
33180 6850
17420 22610
40020 10
32780 7250
32980 7050
35140 4890
24420 15610
19340 20690
37020 3010
4340 35690
35420 4610
38860 1170
16260 23770
15540 24490
34660 5370
36900 3130
33380 6650
19220 20810
39940 90
39500 530
28020 12010
30740 9290
39300 730
39860 170
31420 8610
37580 2450
18940 21090
37740 2290
25580 14450
35220 4810
1060 38970
39940 90
29700 10330
7020 33010
20380 19650
40020 10
31580 8450
11500 28530
22220 17810
39860 170
29940 10090
24940 15090
26180 13850
31060 8970
4580 35450
35980 4050
10420 29610
25700 14330
39260 770
39660 370
22140 17890
27340 12690
31020 9010
29540 10490
36380 3650
39220 810
20180 19850
34980 5050
22940 17090
34820 5210
38740 1290
23140 16890
26220 13810
32940 7090
39660 370
35500 4530
24980 15050
33780 6250
37420 2610
38860 1170
32460 7570
16180 23850
27580 12450
24260 15770
20340 19690
17060 22970
20060 19970
38940 1090
25580 14450
39900 130
38460 1570
39460 570
29820 10210
6540 33490
38500 1530
38980 1050
10900 29130
30980 9050
28740 11290
18580 21450
29900 10130
38620 1410
36900 3130
9180 30850
39660 370
7460 32570
39780 250
28060 11970
19420 20610
3540 36490
29180 10850
13940 26090
33220 6810
19620 20410
27580 12450
30220 9810
22700 17330
15220 24810
28260 11770
29420 10610
21180 18850
3500 36530
1660 38370
34660 5370
38340 1690
33500 6530
24740 15290
19860 20170
6860 33170
27740 12290
33180 6850
40020 10
21940 18090
30580 9450
29700 10330
30820 9210
29620 10410
23820 16210
31540 8490
36420 3610
35220 4810
2140 37890
28820 11210
39220 810
39460 570
40020 10
4980 35050
36340 3690
36980 3050
1060 38970
19580 20450
39860 170
11060 28970
30740 9290
38940 1090
37380 2650
13620 26410
14140 25890
15460 24570
16860 23170
36300 3730
34100 5930
39940 90
7100 32930
25620 14410
39660 370
28300 11730
20900 19130
37780 2250
24780 15250
34460 5570
39980 50
24820 15210
35380 4650
26780 13250
12580 27450
38100 1930
11860 28170
30860 9170
39260 770
25500 14530
7980 32050
38780 1250
13740 26290
39180 850
38340 1690
32300 7730
30940 9090
37540 2490
140 39890
13300 26730
40020 10
35420 4610
31020 9010
7140 32890
36620 3410
27740 12290
14940 25090
37420 2610
36780 3250
18940 21090
1660 38370
33740 6290
31100 8930
37980 2050
39940 90
39940 90
39740 290
31060 8970
24340 15690
24580 15450
21580 18450
18860 21170
38500 1530
18180 21850
29060 10970
21180 18850
32860 7170
35580 4450
28020 12010
37820 2210
36780 3250
39700 330
39420 610
34460 5570
39900 130
21620 18410
27700 12330
32380 7650
9460 30570
28980 11050
37260 2770
39900 130
14860 25170
39780 250
20060 19970
29540 10490
9380 30650
39940 90
27860 12170
26740 13290
29460 10570
34780 5250
16860 23170
34900 5130
35420 4610
17500 22530
39980 50
37460 2570
39940 90
25140 14890
40020 10
39740 290
39020 1010
39820 210
39700 330
32780 7250
36060 3970
38940 1090
26260 13770
18300 21730
39140 890
34780 5250
30340 9690
33580 6450
32140 7890
32780 7250
39500 530
39300 730
35860 4170
39580 450
39020 1010
9100 30930
26900 13130
30220 9810
14780 25250
38020 2010
4500 35530
36860 3170
39540 490
36740 3290
9460 30570
24700 15330
31180 8850
13900 26130
8980 31050
30700 9330
36180 3850
38740 1290
23780 16250
31460 8570
27820 12210
10700 29330
35700 4330
28500 11530
31980 8050
15740 24290
12420 27610
38980 1050
1260 38770
14860 25170
36100 3930
13220 26810
32140 7890
37820 2210
32500 7530
6100 33930
26820 13210
39980 50
39980 50
38580 1450
23820 16210
17100 22930
20820 19210
36900 3130
20620 19410
32420 7610
31740 8290
25580 14450
39740 290
6980 33050
37940 2090
30300 9730
28140 11890
35260 4770
6660 33370
38820 1210
38460 1570
18540 21490
27220 12810
36420 3610
34860 5170
31540 8490
38860 1170
30340 9690
15860 24170
14940 25090
37940 2090
36860 3170
38980 1050
15020 25010
5060 34970
21500 18530
39820 210
25900 14130
39980 50
11100 28930
14740 25290
36460 3570
35300 4730
35220 4810
25980 14050
60 39970
38900 1130
38660 1370
39940 90
30020 10010
16820 23210
3260 36770
21380 18650
15100 24930
33060 6970
40020 10
39980 50
32660 7370
22860 17170
36660 3370
39420 610
40020 10
660 39370
23420 16610
38700 1330
25300 14730
23300 16730
30580 9450
15740 24290
10980 29050
38180 1850
24900 15130
21020 19010
36660 3370
10540 29490
38660 1370
40020 10
26380 13650
27420 12610
18220 21810
18460 21570
12740 27290
2860 37170
39900 130
4340 35690
22100 17930
23420 16610
30060 9970
35460 4570
17260 22770
32140 7890
23420 16610
38460 1570
30220 9810
35460 4570
4940 35090
33940 6090
6500 33530
5700 34330
38340 1690
29300 10730
15340 24690
21620 18410
30620 9410
35140 4890
14980 25050
37420 2610
36380 3650
11340 28690
23860 16170
37500 2530
12900 27130
2020 38010
39580 450
10300 29730
23020 17010
36660 3370
28500 11530
25940 14090
18340 21690
40020 10
34540 5490
30140 9890
36980 3050
40020 10
35380 4650
39540 490
39900 130
39060 970
33740 6290
17180 22850
30380 9650
35780 4250
31300 8730
38700 1330
21180 18850
21900 18130
38460 1570
36140 3890
33140 6890
5220 34810
1340 38690
18700 21330
5060 34970
23940 16090
5340 34690
29700 10330
39940 90
20380 19650
30740 9290
38020 2010
30780 9250
35660 4370
22900 17130
5100 34930
17020 23010
25140 14890
39940 90
25420 14610
33900 6130
39860 170
18900 21130
39500 530
460 39570
30420 9610
13340 26690
20620 19410
36700 3330
38820 1210
40020 10
40020 10
18700 21330
34580 5450
39620 410
37300 2730
18500 21530
7980 32050
28060 11970
17460 22570
37300 2730
34740 5290
17100 22930
20860 19170
11500 28530
38020 2010
26340 13690
37060 2970
37820 2210
34740 5290
10460 29570
24620 15410
21100 18930
24980 15050
7820 32210
19100 20930
34020 6010
21460 18570
22020 18010
34620 5410
31580 8450
10180 29850
34180 5850
33460 6570
20100 19930
36460 3570
18980 21050
29500 10530
39780 250
10340 29690
20020 20010
36020 4010
27860 12170
19660 20370
39260 770
15100 24930
8740 31290
33100 6930
28860 11170
39980 50
36300 3730
37420 2610
23740 16290
15780 24250
8900 31130
39500 530
39340 690
32660 7370
28940 11090
30860 9170
7660 32370
12220 27810
35660 4370
33780 6250
39500 530
32060 7970
23260 16770
35060 4970
32980 7050
28460 11570
10900 29130
39700 330
10460 29570
2900 37130
18180 21850
16780 23250
22380 17650
40020 10
39940 90
21740 18290
21460 18570
16100 23930
39980 50
17300 22730
20980 19050
36740 3290
40020 10
9460 30570
34700 5330
16980 23050
10060 29970
3660 36370
28020 12010
36900 3130
39220 810
38300 1730
39940 90
13660 26370
32620 7410
29500 10530
3060 36970
39700 330
37140 2890
36260 3770
38420 1610
15700 24330
31580 8450
1860 38170
2180 37850
37940 2090
9780 30250
31660 8370
24420 15610
35260 4770
38420 1610
32820 7210
9940 30090
31220 8810
33940 6090
39380 650
36620 3410
14460 25570
20100 19930
38380 1650
33940 6090
36340 3690
31100 8930
10220 29810
39660 370
35460 4570
7780 32250
30460 9570
4220 35810
38060 1970
26340 13690
38020 2010
12860 27170
700 39330
22300 17730
31740 8290
40020 10
19100 20930
36340 3690
25540 14490
23940 16090
39660 370
38420 1610
40020 10
29700 10330
20780 19250
39180 850
13020 27010
6420 33610
38540 1490
35500 4530
26620 13410
36060 3970
1420 38610
22580 17450
38580 1450
5420 34610
39340 690
31700 8330
39420 610
33340 6690
39900 130
17180 22850
37260 2770
39940 90
3620 36410
24740 15290
13780 26250
35900 4130
37300 2730
19900 20130
39420 610
33700 6330
34660 5370
36540 3490
29300 10730
26300 13730
22140 17890
29540 10490
34340 5690
31060 8970
6620 33410
2940 37090
38620 1410
23140 16890
38500 1530
33180 6850
17980 22050
34980 5050
11660 28370
2460 37570
39100 930
19900 20130
20260 19770
35860 4170
16700 23330
39740 290
39060 970
39740 290
29700 10330
37700 2330
15300 24730
16740 23290
33220 6810
12300 27730
20940 19090
18220 21810
38380 1650
22780 17250
37380 2650
20020 20010
36060 3970
26460 13570
30700 9330
9220 30810
39980 50
12100 27930
20060 19970
39940 90
25580 14450
23060 16970
38580 1450
32900 7130
18580 21450
32380 7650
39900 130
13260 26770
39940 90
37980 2050
5820 34210
11580 28450
19660 20370
33100 6930
30220 9810
18980 21050
21060 18970
39460 570
38380 1650
15020 25010
19860 20170
32340 7690
28300 11730
38780 1250
34100 5930
19740 20290
39700 330
4420 35610
6260 33770
29580 10450
31460 8570
40020 10
17500 22530
38660 1370
23780 16250
35380 4650
30260 9770
20380 19650
38980 1050
37420 2610
40020 10
37540 2490
39500 530
14540 25490
23140 16890
34180 5850
14500 25530
39940 90
40020 10
40020 10
36140 3890
1860 38170
5860 34170
28340 11690
40020 10
39420 610
24260 15770
17380 22650
12060 27970
32260 7770
30260 9770
5100 34930
37700 2330
26420 13610
30020 10010
25180 14850
20060 19970
22420 17610
29700 10330
21500 18530
25660 14370
39700 330
30140 9890
29140 10890
16620 23410
19140 20890
39060 970
980 39050
39500 530
21700 18330
34140 5890
23100 16930
35740 4290
27180 12850
36180 3850
39940 90
25220 14810
34380 5650
16700 23330
31580 8450
15860 24170
220 39810
35700 4330
25580 14450
6060 33970
36620 3410
40020 10
18620 21410
40020 10
32100 7930
27420 12610
26100 13930
5540 34490
38860 1170
37700 2330
28460 11570
33100 6930
33180 6850
13220 26810
37300 2730
9140 30890
38060 1970
12700 27330
11220 28810
12180 27850
15780 24250
15180 24850
17020 23010
36780 3250
16980 23050
34980 5050
19300 20730
37620 2410
34180 5850
32140 7890
2500 37530
39940 90
25140 14890
34300 5730
34420 5610
17500 22530
32140 7890
36700 3330
27220 12810
38900 1130
19860 20170
36580 3450
6980 33050
32860 7170
40020 10
37100 2930
37260 2770
39820 210
40020 10
21580 18450
35860 4170
39020 1010
180 39850
9380 30650
11420 28610
26100 13930
17660 22370
30420 9610
38820 1210
28380 11650
18140 21890
29740 10290
20900 19130
37260 2770
19020 21010
5100 34930
20780 19250
34340 5690
38140 1890
37660 2370
17180 22850
25220 14810
33380 6650
38700 1330
36540 3490
9780 30250
3260 36770
37660 2370
35580 4450
39980 50
32100 7930
36980 3050
26940 13090
33700 6330
10340 29690
39860 170
38700 1330
27180 12850
18780 21250
20540 19490
37740 2290
4900 35130
37780 2250
24580 15450
20340 19690
32940 7090
35780 4250
34380 5650
37460 2570
35700 4330
24660 15370
23500 16530
36940 3090
29740 10290
40020 10
32140 7890
19700 20330
27940 12090
28220 11810
34220 5810
7140 32890
15580 24450
36340 3690
6860 33170
39980 50
21140 18890
35220 4810
40020 10
38140 1890
13700 26330
35780 4250
39460 570
27500 12530
21820 18210
7380 32650
15580 24450
35900 4130
8540 31490
14260 25770
39660 370
39740 290
8780 31250
36020 4010
33140 6890
7940 32090
38820 1210
15700 24330
24340 15690
38820 1210
39620 410
38340 1690
14540 25490
39860 170
6460 33570
24100 15930
39580 450
9900 30130
13500 26530
14060 25970
22380 17650
36660 3370
30820 9210
33460 6570
34220 5810
26580 13450
36260 3770
38580 1450
60 39970
19500 20530
38900 1130
14860 25170
14860 25170
6780 33250
19700 20330
37260 2770
38620 1410
37900 2130
8700 31330
21060 18970
39900 130
20380 19650
38140 1890
35180 4850
25620 14410
30980 9050
33060 6970
36780 3250
36940 3090
28700 11330
39980 50
37340 2690
20820 19210
220 39810
39420 610
35660 4370
34420 5610
9820 30210
39980 50
28620 11410
28300 11730
29340 10690
38540 1490
35300 4730
12540 27490
39620 410
23300 16730
39820 210
26060 13970
32340 7690
40020 10
15500 24530
24780 15250
25940 14090
10780 29250
28060 11970
18460 21570
3980 36050
39980 50
22980 17050
38940 1090
15580 24450
22780 17250
4780 35250
37740 2290
26020 14010
37060 2970
25900 14130
4980 35050
23860 16170
24060 15970
39500 530
26940 13090
2580 37450
37500 2530
30060 9970
36300 3730
9780 30250
31020 9010
26260 13770
13260 26770
7860 32170
26380 13650
15420 24610
32580 7450
27260 12770
10580 29450
24380 15650
38100 1930
19380 20650
28660 11370
18300 21730
24740 15290
38180 1850
29340 10690
33780 6250
27620 12410
2260 37770
34340 5690
34100 5930
9380 30650
7620 32410
27460 12570
37140 2890
1540 38490
36900 3130
35380 4650
31860 8170
34340 5690
8020 32010
26460 13570
25460 14570
20140 19890
15940 24090
28580 11450
31220 8810
24780 15250
30940 9090
30980 9050
24220 15810
28980 11050
11380 28650
38540 1490
36980 3050
32980 7050
33580 6450
21300 18730
21540 18490
11780 28250
18900 21130
15380 24650
38740 1290
33580 6450
33660 6370
36100 3930
11100 28930
34260 5770
11460 28570
19100 20930
8420 31610
38220 1810
7100 32930
39900 130
14180 25850
11220 28810
39140 890
30580 9450
35780 4250
6740 33290
38660 1370
32140 7890
9500 30530
25340 14690
37940 2090
14140 25890
5380 34650
35660 4370
38860 1170
28820 11210
37620 2410
34100 5930
38820 1210
39980 50
19980 20050
24020 16010
23420 16610
26740 13290
21500 18530
30820 9210
28460 11570
31020 9010
18660 21370
38180 1850
11140 28890
20580 19450
37060 2970
35580 4450
36980 3050
20660 19370
39300 730
36260 3770
26340 13690
39820 210
11820 28210
40020 10
10500 29530
34900 5130
14220 25810
33180 6850
30580 9450
34380 5650
39580 450
33060 6970
17820 22210
5460 34570
18740 21290
38100 1930
15380 24650
38580 1450
16100 23930
26460 13570
22780 17250
31580 8450
30660 9370
12700 27330
9660 30370
28980 11050
22500 17530
28580 11450
32260 7770
39940 90
39180 850
30340 9690
9780 30250
22980 17050
13140 26890
4540 35490
33660 6370
180 39850
36740 3290
39820 210
28020 12010
40020 10
20500 19530
300 39730
25140 14890
38300 1730
4340 35690
4140 35890
34620 5410
37340 2690
8460 31570
40020 10
35460 4570
12060 27970
7460 32570
28540 11490
29420 10610
35700 4330
39780 250
17900 22130
32260 7770
6940 33090
25940 14090
39180 850
23900 16130
37460 2570
35540 4490
39140 890
10660 29370
22900 17130
37100 2930
38980 1050
36220 3810
24900 15130
34700 5330
5860 34170
35900 4130
25900 14130
18860 21170
37300 2730
25380 14650
38420 1610
39780 250
36900 3130
19220 20810
31340 8690
33740 6290
38780 1250
22740 17290
26860 13170
21940 18090
17180 22850
28700 11330
1140 38890
29940 10090
19020 21010
31700 8330
25220 14810
39940 90
23180 16850
36900 3130
26460 13570
29380 10650
5420 34610
24860 15170
35580 4450
39980 50
860 39170
36620 3410
27140 12890
37420 2610
17980 22050
38060 1970
23740 16290
22060 17970
27460 12570
37220 2810
38820 1210
6900 33130
27420 12610
34420 5610
29660 10370
10380 29650
5860 34170
33020 7010
1060 38970
38460 1570
36980 3050
39820 210
31340 8690
39900 130
29340 10690
38340 1690
37020 3010
39500 530
39820 210
9860 30170
35180 4850
29340 10690
37860 2170
13660 26370
40020 10
35740 4290
9300 30730
24020 16010
25340 14690
30500 9530
39780 250
33020 7010
39980 50
24700 15330
38980 1050
25420 14610
31060 8970
13900 26130
29140 10890
21620 18410
19140 20890
35980 4050
20340 19690
26380 13650
39660 370
9740 30290
31780 8250
20460 19570
7460 32570
36340 3690
30020 10010
24780 15250
19780 20250
39900 130
22780 17250
32300 7730
30860 9170
39860 170
39980 50
29020 11010
37260 2770
26500 13530
31580 8450
39980 50
24020 16010
31420 8610
25980 14050
40020 10
29060 10970
23500 16530
38860 1170
10660 29370
15780 24250
34020 6010
37580 2450
34860 5170
30740 9290
33100 6930
6460 33570
37780 2250
36500 3530
27620 12410
30620 9410
33980 6050
14380 25650
20740 19290
39540 490
38540 1490
9580 30450
22340 17690
37460 2570
28900 11130
37380 2650
21540 18490
17660 22370
32340 7690
29140 10890
13740 26290
35900 4130
37180 2850
35020 5010
3660 36370
40020 10
38780 1250
39100 930
1900 38130
25100 14930
20980 19050
24540 15490
37100 2930
21540 18490
35740 4290
5700 34330
35380 4650
22300 17730
35940 4090
39820 210
30780 9250
36460 3570
11740 28290
37060 2970
3740 36290
36260 3770
9700 30330
29940 10090
25220 14810
7460 32570
1380 38650
23260 16770
33740 6290
39900 130
35700 4330
30620 9410
5620 34410
26660 13370
30180 9850
6620 33410
31460 8570
39100 930
18620 21410
34940 5090
23500 16530
11460 28570
16900 23130
23620 16410
19860 20170
40020 10
22260 17770
36780 3250
22340 17690
35740 4290
36580 3450
26540 13490
30100 9930
6940 33090
27860 12170
39980 50
35500 4530
38780 1250
37140 2890
34260 5770
14180 25850
38220 1810
8900 31130
22420 17610
25100 14930
40020 10
39860 170
37100 2930
15780 24250
39980 50
5380 34650
33700 6330
36620 3410
39860 170
35780 4250
18900 21130
11980 28050
36060 3970
39780 250
28220 11810
17380 22650
16500 23530
26740 13290
19260 20770
39900 130
23060 16970
25180 14850
18780 21250
10300 29730
13060 26970
29540 10490
38820 1210
10060 29970
35060 4970
13180 26850
24620 15410
31740 8290
35020 5010
29140 10890
4500 35530
7260 32770
24140 15890
32620 7410
2860 37170
40020 10
2940 37090
34300 5730
37580 2450
24220 15810
16340 23690
36820 3210
16780 23250
39620 410
2140 37890
26700 13330
16620 23410
17020 23010
40020 10
34940 5090
35300 4730
35740 4290
26740 13290
34740 5290
31460 8570
18300 21730
38940 1090
25620 14410
37500 2530
27460 12570
38580 1450
18900 21130
18940 21090
39740 290
2180 37850
39940 90
8580 31450
30300 9730
32300 7730
32820 7210
21380 18650
38460 1570
34380 5650
39940 90
19540 20490
40020 10
37340 2690
30260 9770
27540 12490
36540 3490
25860 14170
20020 20010
22980 17050
35940 4090
18700 21330
37180 2850
29620 10410
27580 12450
33620 6410
18420 21610
27140 12890
13580 26450
36540 3490
11620 28410
20140 19890
39620 410
39740 290
7780 32250
39940 90
6500 33530
39540 490
35820 4210
6660 33370
8460 31570
15740 24290
26180 13850
39540 490
38340 1690
39980 50
35140 4890
19380 20650
37660 2370
20820 19210
39940 90
39660 370
5100 34930
35860 4170
30900 9130
16300 23730
18260 21770
39980 50
11180 28850
23860 16170
39660 370
35820 4210
20340 19690
36020 4010
12820 27210
39780 250
31140 8890
34780 5250
38580 1450
37420 2610
37540 2490
24860 15170
13100 26930
24060 15970
18860 21170
39140 890
15580 24450
19180 20850
30260 9770
11780 28250
12340 27690
39140 890
30940 9090
4060 35970
17860 22170
37340 2690
25980 14050
39660 370
37660 2370
35300 4730
33020 7010
9780 30250
29740 10290
38740 1290
37980 2050
4980 35050
26740 13290
27060 12970
35140 4890
31220 8810
36020 4010
29340 10690
39820 210
36620 3410
38180 1850
18180 21850
3900 36130
39580 450
16140 23890
39700 330
21340 18690
29620 10410
33980 6050
37500 2530
18780 21250
10620 29410
39180 850
35980 4050
38220 1810
21860 18170
26060 13970
23820 16210
26180 13850
29660 10370
35860 4170
24020 16010
3380 36650
37500 2530
27540 12490
31900 8130
37220 2810
35580 4450
17380 22650
39940 90
29580 10450
5300 34730
13140 26890
27660 12370
35060 4970
38420 1610
23660 16370
29540 10490
22700 17330
24100 15930
13140 26890
24540 15490
35660 4370
36020 4010
39340 690
38980 1050
20380 19650
34580 5450
12740 27290
8940 31090
38540 1490
12260 27770
39740 290
22180 17850
14540 25490
29220 10810
17740 22290
12900 27130
36580 3450
32020 8010
38260 1770
22180 17850
16860 23170
22740 17290
40020 10
6020 34010
18660 21370
36860 3170
35460 4570
6340 33690
31340 8690
9500 30530
29180 10850
38140 1890
9420 30610
38340 1690
11460 28570
36260 3770
35020 5010
11300 28730
37060 2970
10300 29730
38580 1450
40020 10
34740 5290
38300 1730
33380 6650
39300 730
4780 35250
24580 15450
28100 11930
26580 13450
38940 1090
10860 29170
24740 15290
36740 3290
23860 16170
34300 5730
26020 14010
15700 24330
29260 10770
26820 13210
15220 24810
20540 19490
24500 15530
39460 570
26060 13970
21540 18490
22180 17850
36700 3330
15500 24530
37420 2610
23180 16850
37420 2610
17180 22850
37100 2930
21260 18770
24780 15250
38500 1530
40020 10
23820 16210
11780 28250
24460 15570
27180 12850
460 39570
23740 16290
60 39970
35060 4970
24620 15410
26340 13690
39420 610
26740 13290
39900 130
10820 29210
22540 17490
39020 1010
34060 5970
26340 13690
36300 3730
5500 34530
1380 38650
6140 33890
38700 1330
4580 35450
38420 1610
39820 210
17500 22530
35660 4370
29940 10090
14780 25250
35020 5010
6020 34010
28700 11330
39860 170
3100 36930
25300 14730
5060 34970
39740 290
23140 16890
36460 3570
38260 1770
32740 7290
8980 31050
39460 570
12740 27290
2820 37210
38860 1170
35660 4370
35540 4490
3260 36770
22460 17570
30420 9610
19500 20530
39900 130
11340 28690
22380 17650
17180 22850
35460 4570
38940 1090
31860 8170
12460 27570
33500 6530
3540 36490
39220 810
29220 10810
38660 1370
2820 37210
39460 570
15300 24730
39940 90
39700 330
14900 25130
33820 6210
32780 7250
35740 4290
35900 4130
22660 17370
17980 22050
6900 33130
28740 11290
15220 24810
6100 33930
16180 23850
34740 5290
21580 18450
26500 13530
36180 3850
39980 50
34660 5370
8700 31330
19980 20050
29060 10970
20260 19770
37860 2170
39620 410
32300 7730
40020 10
39900 130
1220 38810
39340 690
17620 22410
39620 410
9740 30290
32340 7690
20180 19850
39980 50
37140 2890
27980 12050
32340 7690
38340 1690
29860 10170
25340 14690
39740 290
4900 35130
21940 18090
40020 10
25540 14490
28620 11410
13820 26210
24300 15730
37420 2610
33420 6610
39300 730
29420 10610
25420 14610
31660 8370
37660 2370
38860 1170
35540 4490
38780 1250
25540 14490
25140 14890
32860 7170
39660 370
27340 12690
10420 29610
34580 5450
1340 38690
40020 10
9300 30730
37340 2690
26380 13650
7780 32250
32740 7290
33380 6650
7860 32170
28580 11450
38100 1930
31940 8090
18340 21690
18860 21170
29660 10370
33940 6090
2980 37050
39740 290
32700 7330
33420 6610
22780 17250
39340 690
23780 16250
23460 16570
35500 4530
36820 3210
16940 23090
30220 9810
39220 810
22340 17690
32380 7650
19540 20490
13460 26570
40020 10
39940 90
26860 13170
16740 23290
38580 1450
27340 12690
26180 13850
33340 6690
37660 2370
30340 9690
9780 30250
36700 3330
23580 16450
37740 2290
27540 12490
1180 38850
39420 610
39620 410
34100 5930
37580 2450
19100 20930
23140 16890
17980 22050
39900 130
37620 2410
35420 4610
34780 5250
37060 2970
35820 4210
19660 20370
37860 2170
15660 24370
28300 11730
38180 1850
28940 11090
37260 2770
39740 290
2460 37570
36260 3770
39180 850
6380 33650
13180 26850
39780 250
23780 16250
32460 7570
7580 32450
7500 32530
940 39090
5060 34970
37060 2970
38860 1170
740 39290
8740 31290
37780 2250
40020 10
18420 21610
11460 28570
3300 36730
38180 1850
25380 14650
39780 250
26380 13650
39180 850
21540 18490
30860 9170
23020 17010
4340 35690
38420 1610
18380 21650
39180 850
380 39650
17260 22770
22980 17050
3660 36370
40020 10
34460 5570
8900 31130
29380 10650
28820 11210
29780 10250
2180 37850
2540 37490
14140 25890
39460 570
39060 970
5860 34170
27580 12450
22500 17530
39820 210
37060 2970
9260 30770
21940 18090
15460 24570
32860 7170
31260 8770
2100 37930
32700 7330
19820 20210
21300 18730
3780 36250
38180 1850
35580 4450
23780 16250
38540 1490
11900 28130
35660 4370
28820 11210
26820 13210
18340 21690
26580 13450
13660 26370
25940 14090
24980 15050
10620 29410
22940 17090
34900 5130
30780 9250
22060 17970
30700 9330
38420 1610
39300 730
39660 370
32980 7050
32780 7250
23020 17010
39580 450
36740 3290
30420 9610
36260 3770
22860 17170
39380 650
39940 90
27580 12450
9460 30570
38260 1770
39900 130
31500 8530
39980 50
22060 17970
36500 3530
35140 4890
5660 34370
33420 6610
27500 12530
9980 30050
29780 10250
18420 21610
35020 5010
31460 8570
39380 650
4940 35090
6740 33290
30100 9930
37380 2650
33980 6050
38020 2010
9940 30090
39060 970
6100 33930
5300 34730
7660 32370
37500 2530
33980 6050
26500 13530
20460 19570
40020 10
33500 6530
22300 17730
9660 30370
35740 4290
34780 5250
14860 25170
8900 31130
5380 34650
17460 22570
32140 7890
19660 20370
21300 18730
34460 5570
39820 210
25060 14970
27620 12410
24620 15410
19380 20650
32420 7610
14340 25690
4420 35610
39860 170
9140 30890
39900 130
39820 210
34860 5170
30020 10010
21940 18090
39780 250
12060 27970
38180 1850
33900 6130
24100 15930
25260 14770
38460 1570
37460 2570
38260 1770
36340 3690
37500 2530
39260 770
4340 35690
32180 7850
39100 930
37620 2410
38380 1650
26700 13330
30300 9730
31860 8170
39420 610
33620 6410
35860 4170
39820 210
1980 38050
10100 29930
39940 90
28860 11170
29380 10650
18700 21330
28940 11090
24500 15530
33860 6170
17260 22770
31900 8130
11260 28770
27580 12450
18220 21810
36660 3370
33660 6370
39940 90
40020 10
35980 4050
29060 10970
6260 33770
27660 12370
6100 33930
38900 1130
35180 4850
39300 730
39860 170
10580 29450
13740 26290
38580 1450
14780 25250
39500 530
37740 2290
14540 25490
7300 32730
30460 9570
980 39050
30140 9890
22260 17770
11260 28770
37900 2130
4780 35250
13940 26090
38980 1050
10340 29690
37380 2650
1580 38450
38700 1330
1100 38930
19380 20650
29460 10570
34980 5050
28140 11890
37540 2490
21620 18410
22300 17730
35660 4370
29820 10210
5420 34610
34980 5050
37580 2450
34700 5330
39180 850
30980 9050
39580 450
17940 22090
8740 31290
540 39490
36740 3290
36860 3170
19420 20610
40020 10
40020 10
36740 3290
17140 22890
33260 6770
23980 16050
38140 1890
36460 3570
37980 2050
6260 33770
32260 7770
20940 19090
21460 18570
34940 5090
39380 650
14540 25490
21740 18290
33020 7010
4940 35090
22100 17930
36940 3090
16740 23290
23980 16050
4060 35970
33460 6570
33460 6570
24220 15810
40020 10
22100 17930
37020 3010
6700 33330
31460 8570
25220 14810
31940 8090
10260 29770
39060 970
10460 29570
15940 24090
35500 4530
22940 17090
24860 15170
28180 11850
12820 27210
16500 23530
3940 36090
22780 17250
21180 18850
37020 3010
6660 33370
23940 16090
12460 27570
40020 10
36980 3050
18340 21690
23500 16530
24180 15850
14940 25090
3700 36330
12780 27250
25580 14450
7100 32930
14620 25410
23220 16810
37140 2890
27660 12370
12020 28010
11140 28890
32980 7050
25740 14290
39700 330
18140 21890
30220 9810
15420 24610
39540 490
2260 37770
39540 490
39540 490
29580 10450
17420 22610
32980 7050
34540 5490
6500 33530
31460 8570
23340 16690
32460 7570
33220 6810
17740 22290
39020 1010
10620 29410
25300 14730
28820 11210
12180 27850
39380 650
38540 1490
12940 27090
12660 27370
37740 2290
25140 14890
32060 7970
20540 19490
24780 15250
11180 28850
33140 6890
38940 1090
39300 730
33380 6650
34980 5050
11020 29010
10580 29450
23740 16290
30580 9450
25620 14410
29020 11010
3500 36530
17100 22930
860 39170
40020 10
35700 4330
12780 27250
22900 17130
33580 6450
40020 10
1020 39010
35180 4850
35340 4690
16140 23890
39980 50
5780 34250
22580 17450
21940 18090
37660 2370
10020 30010
20140 19890
39340 690
25860 14170
40020 10
8140 31890
39500 530
11180 28850
38180 1850
32900 7130
40020 10
35300 4730
39660 370
36860 3170
30780 9250
2620 37410
39940 90
28580 11450
39900 130
23580 16450
39740 290
3780 36250
10460 29570
3700 36330
19140 20890
29140 10890
39300 730
35220 4810
12940 27090
17780 22250
23860 16170
460 39570
28180 11850
27940 12090
35700 4330
28980 11050
31140 8890
22380 17650
29580 10450
25620 14410
8100 31930
29060 10970
27060 12970
38140 1890
10740 29290
4060 35970
40020 10
23180 16850
3700 36330
13100 26930
34820 5210
30900 9130
32300 7730
34420 5610
17620 22410
34420 5610
37700 2330
40020 10
24220 15810
10700 29330
10700 29330
7740 32290
28540 11490
39980 50
34580 5450
38940 1090
35100 4930
19020 21010
39020 1010
27460 12570
14500 25530
25060 14970
38940 1090
30220 9810
32700 7330
540 39490
30060 9970
11020 29010
5060 34970
30820 9210
34980 5050
15460 24570
22740 17290
31860 8170
27780 12250
39580 450
34260 5770
34820 5210
19420 20610
40020 10
36700 3330
39860 170
6980 33050
30420 9610
14020 26010
20260 19770
15180 24850
29460 10570
29580 10450
36140 3890
33100 6930
37100 2930
12500 27530
38340 1690
36300 3730
39860 170
38820 1210
16020 24010
23540 16490
40020 10
39580 450
38940 1090
9020 31010
4260 35770
40020 10
39580 450
22780 17250
4260 35770
11860 28170
4780 35250
29620 10410
11220 28810
19980 20050
29620 10410
39940 90
38420 1610
39380 650
39060 970
39140 890
33940 6090
20020 20010
37140 2890
19500 20530
32780 7250
39580 450
29780 10250
14860 25170
35940 4090
23780 16250
40020 10
34220 5810
35140 4890
39900 130
32460 7570
22860 17170
23020 17010
33500 6530
36780 3250
39500 530
39860 170
11740 28290
25180 14850
39220 810
39300 730
19260 20770
8140 31890
33100 6930
14020 26010
13940 26090
14020 26010
12500 27530
13460 26570
18100 21930
39020 1010
21540 18490
38340 1690
39420 610
37300 2730
35540 4490
23900 16130
39980 50
17300 22730
31180 8850
36460 3570
18540 21490
39380 650
33140 6890
30700 9330
36100 3930
4540 35490
39300 730
28180 11850
30980 9050
19980 20050
33220 6810
26940 13090
1220 38810
15460 24570
37260 2770
30220 9810
28140 11890
7380 32650
35500 4530
19900 20130
26220 13810
24980 15050
29620 10410
33860 6170
5220 34810
4580 35450
38220 1810
25820 14210
19180 20850
34220 5810
14940 25090
39740 290
18660 21370
35140 4890
37220 2810
20380 19650
11300 28730
6420 33610
23740 16290
37980 2050
31940 8090
39220 810
39900 130
7300 32730
33580 6450
8900 31130
27940 12090
24900 15130
40020 10
30660 9370
26140 13890
34340 5690
23820 16210
24740 15290
5260 34770
24260 15770
39580 450
4700 35330
38220 1810
29620 10410
18140 21890
39020 1010
28380 11650
4500 35530
9540 30490
15740 24290
18820 21210
19820 20210
27060 12970
