31471.3 8558.72
35196.9 4833.06
34426.5 5603.54
35144.8 4885.2
25796.7 14233.3
28737.4 11292.6
29476.2 10553.8
25704.5 14325.5
12738.4 27291.6
31628.2 8401.78
34456.9 5573.12
31261.7 8768.28
26590.7 13439.3
35742 4288.04
24317.3 15712.7
34710 5319.97
36343.4 3686.61
17399.7 22630.3
30519.6 9510.38
6950.92 33079.1
27231.2 12798.8
22550.6 17479.4
31988 8042.03
31025.8 9004.19
35278.9 4751.12
15920.1 24109.9
20173.5 19856.5
34783 5246.99
32524.1 7505.87
30385.4 9644.62
30019.7 10010.3
30489.8 9540.16
38409.9 1620.05
27247.6 12782.4
22698.2 17331.8
21410.8 18619.2
37678.9 2351.14
25621.7 14408.3
33474.7 6555.26
24817.4 15212.6
20282.1 19747.9
20774.9 19255.1
15427.4 24602.6
30013.3 10016.7
27045.8 12984.2
34993.9 5036.08
21827.9 18202.1
26380.9 13649.1
38340.9 1689.14
36685.3 3344.72
15268.2 24761.8
22708.3 17321.7
27702.4 12327.6
29989.9 10040.1
37814.6 2215.35
26026.7 14003.3
23362.3 16667.7
11176.7 28853.3
18573.2 21456.8
24658.2 15371.8
31091.6 8938.35
38825 1204.96
16879.6 23150.4
30374.1 9655.9
29768.5 10261.5
34421.6 5608.38
37351.3 2678.72
24259.9 15770.1
30741.1 9288.95
35542.5 4487.52
33155.8 6874.2
32502.2 7527.79
21247.3 18782.7
26288.7 13741.3
34979.8 5050.2
16520.9 23509.1
34852.2 5177.79
33168.6 6861.44
12440.6 27589.4
29229.3 10800.7
13732 26298
29620.7 10409.3
10530.4 29499.6
20737.3 19292.7
30531.8 9498.18
34659 5371.01
26314.7 13715.3
13450 26580
27752.1 12277.9
15785.2 24244.8
36239.1 3790.87
26975 13055
30459.8 9570.17
29972.8 10057.2
22421.4 17608.6
24105.5 15924.5
33844.5 6185.52
21210.3 18819.7
35713.7 4316.3
26027.4 14002.6
24998.2 15031.8
20411 19619
28596.4 11433.6
31712.2 8317.84
33591.2 6438.78
35697.2 4332.83
25651.6 14378.4
36847.2 3182.77
38509 1521
25662.7 14367.3
26719.4 13310.6
16643.6 23386.4
35787.2 4242.85
31638.5 8391.46
21161.5 18868.5
35608.7 4421.28
30843 9186.97
22149 17881
32575.8 7454.22
34862.9 5167.12
15069.2 24960.8
31143.9 8886.11
34833 5197
29673.3 10356.7
26331.2 13698.8
30384.8 9645.25
35905.7 4124.35
28250.8 11779.2
32724.2 7305.77
15987.6 24042.4
34363 5666.98
33827.6 6202.4
28979.4 11050.6
35654.7 4375.29
23236.8 16793.2
32354.7 7675.29
33987 6043.02
30434.8 9595.21
36225.1 3804.92
32786.7 7243.3
36515.8 3514.22
29592 10438
30638.1 9391.9
28111.4 11918.6
15101 24929
7388.76 32641.2
33409.9 6620.08
27937.8 12092.2
11701.5 28328.5
15554.3 24475.7
34969.2 5060.83
31570.6 8459.42
21504.6 18525.4
16335.3 23694.7
14427.2 25602.8
7635.09 32394.9
14449.1 25580.9
26577.9 13452.1
32503.5 7526.47
36579.7 3450.3
29428 10602
25730.1 14299.9
24443.6 15586.4
18294.2 21735.8
17093.7 22936.3
35087.3 4942.67
12154 27876
14483.6 25546.4
33186.6 6843.37
37735.2 2294.82
35462.9 4567.05
26391 13639
27762.5 12267.5
37379.6 2650.4
29583.1 10446.9
22064.6 17965.4
20356.9 19673.1
27337.9 12692.1
29312.4 10717.6
38544.4 1485.65
9205.9 30824.1
27750.7 12279.3
30221.7 9808.33
25761.7 14268.3
19568.9 20461.1
26133.4 13896.6
21169.5 18860.5
37188.4 2841.55
23988.5 16041.5
21909.2 18120.8
16342.5 23687.5
28017.9 12012.1
19741.8 20288.2
24401.4 15628.6
27211.1 12818.9
35611.6 4418.37
36388.5 3641.48
26788 13242
18099.3 21930.7
29128.5 10901.5
24372.1 15657.9
26827.5 13202.5
27629.1 12400.9
31281.5 8748.45
33950 6079.97
14931.2 25098.8
13132.9 26897.1
33306 6724.03
35804.2 4225.84
36379.8 3650.17
31684.9 8345.1
34273.9 5756.12
32224.2 7805.77
31069.7 8960.32
23781.7 16248.3
19981.4 20048.6
34922 5107.95
37481.1 2548.9
37855.1 2174.94
8839.72 31190.3
27442.6 12587.4
33259.7 6770.28
32726.6 7303.45
20043.5 19986.5
13892 26138
21829.7 18200.3
33042.9 6987.05
37748 2282.05
28797 11233
35299.3 4730.67
33251.3 6778.65
35408.4 4621.61
37970.1 2059.9
29376.2 10653.8
20139.6 19890.4
25153.8 14876.2
33735.1 6294.86
29675.4 10354.6
18704.2 21325.8
23594.1 16435.9
37833.4 2196.62
23994.8 16035.2
9080.9 30949.1
33755.6 6274.4
23428.3 16601.7
21302.5 18727.5
32253.8 7776.21
19770.1 20259.9
24866.7 15163.3
26690.8 13339.2
23791.1 16238.9
17607.8 22422.2
32291.8 7738.22
34487 5542.99
31611.9 8418.11
27595.5 12434.5
21614.8 18415.2
18597.8 21432.2
28195.6 11834.4
33872.6 6157.36
31697.7 8332.26
36455.4 3574.59
33008.2 7021.79
30977.2 9052.8
36760.6 3269.37
30032.2 9997.84
36301 3729.04
33902.1 6127.9
28786.3 11243.7
33552.2 6477.83
4343.82 35686.2
28704.9 11325.1
35777.7 4252.33
26757.2 13272.8
20089.7 19940.3
25420.8 14609.2
36498.4 3531.61
15128 24902
17315.8 22714.2
26408.8 13621.2
29403.1 10626.9
28830.4 11199.6
25795.4 14234.6
30535.6 9494.4
34950.3 5079.65
30907.7 9122.29
36731.5 3298.54
9434.18 30595.8
31679.8 8350.24
18314.5 21715.5
20333.4 19696.6
33646.7 6383.33
28712 11318
17943 22087
29932.8 10097.2
23869.6 16160.4
11520 28510
31250.1 8779.93
29172.4 10857.6
31513.1 8516.89
31184.5 8845.55
31850.4 8179.62
22619.4 17410.6
28018.1 12011.9
37767.1 2262.94
30338.7 9691.25
22775.6 17254.4
12547.5 27482.5
12244.3 27785.7
14938.7 25091.3
21268 18762
26052.1 13977.9
31233.7 8796.32
22670.3 17359.7
35128.4 4901.64
36292.8 3737.17
34125.9 5904.14
28193.8 11836.2
19121.7 20908.3
23819.3 16210.7
29720.2 10309.8
27278.3 12751.7
37034.8 2995.15
33662.8 6367.16
22435.6 17594.4
32829.2 7200.82
29068 10962
23507.1 16522.9
30596.2 9433.84
28511.2 11518.8
25693.5 14336.5
30711.3 9318.72
32631.7 7398.33
17133.8 22896.2
18839.1 21190.9
26037.4 13992.6
32218 7812.04
33394.2 6635.77
7078.43 32951.6
35507.6 4522.4
34688.2 5341.82
31174.3 8855.66
36118.6 3911.43
25195 14835
24505.1 15524.9
30307.9 9722.08
20547.6 19482.4
28014.5 12015.5
33585.4 6444.64
32967.9 7062.12
32577.9 7452.13
33569.3 6460.67
13661.1 26368.9
24196.9 15833.1
35300.2 4729.81
36616.8 3413.23
34653.1 5376.9
22920 17110
16654 23376
10501.9 29528.1
19022.8 21007.2
25327.9 14702.1
38772.5 1257.51
37922.6 2107.36
20479.9 19550.1
30742.1 9287.9
32926.1 7103.87
18472.7 21557.3
34496.6 5533.4
23465.3 16564.7
25706.3 14323.7
27100 12930
30142.7 9887.27
19659 20371
17899.3 22130.7
36015.2 4014.84
12614.1 27415.9
37852.3 2177.74
31430.1 8599.88
29573 10457
24261 15769
29686.9 10343.1
19289.2 20740.8
25004.3 15025.7
16587.4 23442.6
28806.5 11223.5
32452.4 7577.65
22358.7 17671.3
37206.5 2823.5
17843.4 22186.6
18188.2 21841.8
37599.2 2430.79
34580 5449.98
34114.3 5915.7
32639.9 7390.08
26716.1 13313.9
30847 9183
32593 7436.96
35078.1 4951.93
32344.2 7685.77
36741.6 3288.39
24414.1 15615.9
9997.22 30032.8
12749.7 27280.3
34339.9 5690.07
32388.5 7641.53
21981.7 18048.3
29720 10310
31140.6 8889.37
26956.6 13073.4
18505 21525
34800 5229.98
22229.9 17800.1
22644.7 17385.3
25804.8 14225.2
36877.6 3152.36
18388.4 21641.6
13020.6 27009.4
34189.5 5840.53
22039.4 17990.6
6302.61 33727.4
20146.8 19883.2
30485 9545.03
37453.5 2576.51
20700.9 19329.1
24693.7 15336.3
29674.7 10355.3
15567.6 24462.4
32472.7 7557.26
16042.2 23987.8
34960.6 5069.39
35349.4 4680.58
28707.7 11322.3
19618.5 20411.5
11964.9 28065.1
16435.3 23594.7
30245.4 9784.55
30470.1 9559.85
26361.5 13668.5
32631.8 7398.24
37791.2 2238.77
16573.9 23456.1
35266.1 4763.86
32894.5 7135.46
29260.7 10769.3
22834.4 17195.6
27699.9 12330.1
34790.8 5239.25
26551.2 13478.8
35373 4656.99
32123.7 7906.28
27355.7 12674.3
14559.6 25470.4
20062 19968
29912.1 10117.9
25138.9 14891.1
33395.2 6634.77
36513.9 3516.05
32459.4 7570.59
30133.7 9896.32
33225.5 6804.46
37204.7 2825.34
29724 10306
36473.4 3556.63
18003.6 22026.4
7667.12 32362.9
34473.3 5556.71
34812.2 5217.82
19257.5 20772.5
15715.8 24314.2
7955.76 32074.2
32784.5 7245.5
21790.9 18239.1
35990 4039.95
35915.4 4114.64
37947.6 2082.45
36304.7 3725.26
24269.9 15760.1
35336.6 4693.43
27814.2 12215.8
13056.8 26973.2
32956 7073.96
35669.9 4360.07
12263.5 27766.5
24423.8 15606.2
21597.2 18432.8
32569.4 7460.6
30642.6 9387.36
34599.2 5430.76
22316.5 17713.5
29414.8 10615.2
17499.1 22530.9
34888.6 5141.39
34994.3 5035.74
15491.8 24538.2
18873.9 21156.1
23122.1 16907.9
31672.7 8357.33
30292.7 9737.29
21490.9 18539.1
35489.1 4540.89
24635 15395
31927.1 8102.88
30268.1 9761.87
20356 19674
36578.4 3451.64
30036.7 9993.26
12446.1 27583.9
36215.2 3814.78
32725.3 7304.75
27440 12590
23205.9 16824.1
34169.6 5860.41
17891.1 22138.9
27992 12038
16118 23912
34402.4 5627.59
34015.2 6014.76
31712.5 8317.47
24380.3 15649.7
33245.9 6784.11
17680.8 22349.2
18953.5 21076.5
36051.8 3978.23
22453.6 17576.4
7564.75 32465.2
35409.1 4620.94
36389.3 3640.73
28760.5 11269.5
28371.7 11658.3
18899.1 21130.9
27280.6 12749.4
18523.8 21506.2
20062.6 19967.4
22827.6 17202.4
25324.9 14705.1
16463.7 23566.3
25161.9 14868.1
25293.4 14736.6
13287.9 26742.1
13888.1 26141.9
37036.4 2993.59
34759.5 5270.54
36450 3579.97
19376.5 20653.5
19053.2 20976.8
23475 16555
37180.1 2849.94
34935 5095.03
19553.4 20476.6
29665.4 10364.6
32492.3 7537.67
37108.3 2921.74
22487.3 17542.7
27489.4 12540.6
14340.9 25689.1
23755.9 16274.1
10378.6 29651.4
33077.8 6952.22
30068 9962.01
38367.9 1662.13
30434.2 9595.81
31650 8380.03
23521 16509
26601.5 13428.5
36985 3045.02
19891.5 20138.5
34270.1 5759.87
17060.9 22969.1
33270 6759.95
32027.8 8002.24
36153.3 3876.71
32882.9 7147.1
36434.2 3595.83
38031.5 1998.53
17720.7 22309.3
33528.2 6501.84
13050.6 26979.4
23809.6 16220.4
22955 17075
18634.2 21395.8
24150.6 15879.4
35220.9 4809.08
36244.8 3785.15
31477 8552.98
30870.8 9159.23
23255.7 16774.3
14218.4 25811.6
28433.4 11596.6
30463.8 9566.19
23895.1 16134.9
19443.2 20586.8
32431.1 7598.9
27198.1 12831.9
24078.9 15951.1
32656.9 7373.1
34138.2 5891.78
33514.5 6515.49
15289.6 24740.4
36360.9 3669.07
28374.2 11655.8
25116.6 14913.4
34515.9 5514.07
26546.5 13483.5
33808.4 6221.59
29418 10612
15419.1 24610.9
34002 6028.03
32118 7912.04
14075.7 25954.3
28287.2 11742.8
34718.3 5311.67
24535.7 15494.3
36943.2 3086.82
36239 3790.99
37694.2 2335.79
35100.3 4929.66
35299.5 4730.54
29330.8 10699.2
33963.1 6066.89
21785 18245
24552.7 15477.3
27787.5 12242.5
24327.4 15702.6
31685 8345.04
30803.3 9226.73
19637.5 20392.5
31203.7 8826.32
21330.5 18699.5
37651.6 2378.41
35337.2 4692.76
29999.1 10030.9
10654 29376
36596.3 3433.68
36447.3 3582.74
23321.8 16708.2
23575.6 16454.4
22964.2 17065.8
25835.2 14194.8
22958.8 17071.2
35798.6 4231.4
24460.5 15569.5
11808.3 28221.7
13478.4 26551.6
36367.1 3662.93
19265.4 20764.6
37842.4 2187.55
22450.9 17579.1
12756 27274
29377.9 10652.1
34565.6 5464.44
8958.68 31071.3
30782.7 9247.35
25048 14982
32918.3 7111.72
35699.2 4330.82
33943.9 6086.11
23240 16790
20690.6 19339.4
24156.6 15873.4
24599 15431
18394.9 21635.1
35661.1 4368.86
33050.9 6979.1
34357.1 5672.9
38704.7 1325.31
27339.8 12690.2
35247.3 4782.73
19187.9 20842.1
16214.1 23815.9
17363 22667
15397.8 24632.2
35368.4 4661.65
27071.8 12958.2
30106.8 9923.22
38651.2 1378.82
21174.7 18855.3
28174 11856
26653.2 13376.8
34588.9 5441.06
23078.8 16951.2
20310.1 19719.9
33100.6 6929.39
27273.8 12756.2
21127.3 18902.7
32195.7 7834.34
36533.6 3496.37
16206.1 23823.9
25418.1 14611.9
32994.3 7035.68
25591.9 14438.1
28265.2 11764.8
18888.9 21141.1
35278.9 4751.15
25200.7 14829.3
31565.7 8464.32
23998.2 16031.8
24084.1 15945.9
36336.8 3693.23
20747.6 19282.4
34659.4 5370.58
15794.2 24235.8
17121.4 22908.6
34240 5790.02
27471.8 12558.2
27182.3 12847.7
30692.4 9337.6
31976.2 8053.75
16130.3 23899.7
21448.7 18581.3
29492.4 10537.6
22594 17436
19683.3 20346.7
36856.7 3173.33
33535.2 6494.84
32623.7 7406.32
37061.1 2968.92
23687.1 16342.9
32261.8 7768.17
38318.9 1711.07
17326.7 22703.3
19874.7 20155.3
31231.7 8798.3
28277.8 11752.2
28351.5 11678.5
8329.05 31700.9
34439.3 5590.66
28634.6 11395.4
16559 23471
14398.8 25631.2
11447.1 28582.9
32459.9 7570.07
20199 19831
28105.1 11924.9
32895.5 7134.46
28299.6 11730.4
38624.1 1405.9
31798.9 8231.05
25891.9 14138.1
39002.8 1027.15
24006.2 16023.8
23090.8 16939.2
37965.2 2064.75
23620.5 16409.5
37333.1 2696.9
37737.5 2292.45
34185.9 5844.09
21087.3 18942.7
15491.8 24538.2
8581.2 31448.8
36762 3267.99
37965.1 2064.92
28814.3 11215.7
23762.1 16267.9
23908.2 16121.8
20197.5 19832.5
35904.5 4125.48
25736.3 14293.7
31156.2 8873.85
22661.9 17368.1
30048.4 9981.58
11138.7 28891.3
31960.5 8069.52
34032.2 5997.8
19108.8 20921.2
17244.8 22785.2
29391.4 10638.6
35321.4 4708.59
8970.5 31059.5
13445.6 26584.4
27788.7 12241.3
33133.3 6896.71
34489.9 5540.09
10082 29948
20014 20016
14161.9 25868.1
27087.9 12942.1
27598.9 12431.1
14058.1 25971.9
27911.9 12118.1
31040.1 8989.9
32602.9 7427.1
27736.1 12293.9
19256.8 20773.2
27958 12072
26716.2 13313.8
35441.8 4588.2
32533.1 7496.9
24639.2 15390.8
25611 14419
16539.3 23490.7
30412.7 9617.34
30633.6 9396.37
38617.8 1412.16
17826.7 22203.3
31367.4 8662.65
37115.6 2914.41
35172.7 4857.28
36662.2 3367.81
35890.4 4139.61
25895.2 14134.8
19481.2 20548.8
14463.1 25566.9
27071.9 12958.1
13580.6 26449.4
32178 7852.03
36008.6 4021.45
35619.6 4410.4
8761.84 31268.2
21116.7 18913.3
26536.3 13493.7
28834.2 11195.8
21392.1 18637.9
31974.9 8055.1
31733.2 8296.84
29565.8 10464.2
29976.1 10053.9
30722 9308.01
31789.4 8240.61
34952 5078.04
20104.2 19925.8
11472.7 28557.3
26634.9 13395.1
36500 3529.97
24362.6 15667.4
35641.9 4388.07
13528 26502
23838.2 16191.8
12820.7 27209.3
25174.8 14855.2
34466.4 5563.58
31645.3 8384.66
33399.6 6630.35
28848.5 11181.5
15669.6 24360.4
10798.4 29231.6
33748.8 6281.23
34741.5 5288.46
16732.1 23297.9
22987.9 17042.1
9712.2 30317.8
27996.3 12033.7
32728.8 7301.18
23323.4 16706.6
34644.2 5385.84
31040.8 8989.25
34840.3 5189.68
33229.3 6800.72
34391.1 5638.94
34015.7 6014.34
16122.5 23907.5
13166.3 26863.7
27233.1 12796.9
30161.6 9868.39
24446.7 15583.3
18394.5 21635.5
31327.3 8702.69
25106.3 14923.7
24118.8 15911.2
15326.1 24703.9
29882.1 10147.9
24283.8 15746.2
31554.9 8475.07
22773.2 17256.8
18515.5 21514.5
21401.5 18628.5
34262 5768.03
16037.6 23992.4
15577.9 24452.1
26121.6 13908.4
23716.6 16313.4
34436 5593.98
27149.1 12880.9
25928 14102
29802.6 10227.4
35962.4 4067.62
14478 25552
18593.4 21436.6
24589.3 15440.7
37326.6 2703.44
15217.1 24812.9
24757.6 15272.4
36640.6 3389.37
27721.3 12308.7
29742.7 10287.3
35704.4 4325.6
24793.9 15236.1
26340.5 13689.5
31498.6 8531.43
35661.5 4368.52
29145.1 10884.9
17731.4 22298.6
15063.4 24966.6
15470.8 24559.2
21004 19026
29489.1 10540.9
31303.7 8726.35
23300.6 16729.4
28154.2 11875.8
18239.2 21790.8
29661.5 10368.5
31125.1 8904.91
36803.5 3226.46
33636.3 6393.69
14541.3 25488.7
33144.8 6885.18
35184.7 4845.27
22930.4 17099.6
8580.64 31449.4
25011.9 15018.1
21683 18347
22049.7 17980.3
13759.4 26270.6
22563.8 17466.2
30653.7 9376.3
11454 28576
28408.5 11621.5
25267.1 14762.9
21601.7 18428.3
7223.66 32806.3
25753.1 14276.9
36696 3333.97
34595.1 5434.94
9976 30054
28697.9 11332.1
36677.5 3352.48
27025.1 13004.9
30749.6 9280.44
37606.3 2423.7
13820.5 26209.5
37094.4 2935.55
26462.2 13567.8
28986.8 11043.2
35939.9 4090.05
31014.4 9015.55
27152 12878
29110.2 10919.8
25442.3 14587.7
28312.6 11717.4
31738.8 8291.21
32154.8 7875.16
36222.1 3807.86
25685.5 14344.5
31727.1 8302.87
25398.8 14631.2
34944.7 5085.26
35336.2 4693.85
31349.9 8680.14
18912.4 21117.6
34074.7 5955.28
28888.6 11141.4
30532.5 9497.46
24234.8 15795.2
16651.7 23378.3
38168.5 1861.46
9575.3 30454.7
18425.8 21604.2
8472.1 31557.9
26508.8 13521.2
35171.9 4858.08
21645.3 18384.7
27622.3 12407.7
29111.3 10918.7
31066.4 8963.64
36823.1 3206.93
14619.6 25410.4
16086.2 23943.8
32841 7188.96
36391.8 3638.24
23263.1 16766.9
35779.2 4250.81
16035.5 23994.5
34105.1 5924.93
34952 5078.05
33739.1 6290.92
11769.7 28260.3
32046.4 7983.58
29251.2 10778.8
35560 4470.02
17521.7 22508.3
28187.6 11842.4
26154.5 13875.5
36682.8 3347.16
20463.5 19566.5
32593.4 7436.56
24810.7 15219.3
23134.2 16895.8
25690.5 14339.5
23717.9 16312.1
38154.9 1875.14
27228.5 12801.5
18477.6 21552.4
16177.5 23852.5
34786.2 5243.84
29386.2 10643.8
35594.9 4435.12
23404.9 16625.1
32873.7 7156.25
33935.6 6094.36
28250.7 11779.3
34800.9 5229.05
23268.7 16761.3
18703.6 21326.4
11637.7 28392.3
34170.4 5859.64
36214.1 3815.86
9233.76 30796.2
21360.3 18669.7
30181.2 9848.81
23416.9 16613.1
35284.2 4745.84
31882.8 8147.22
37408 2621.95
30889.4 9140.56
26200.4 13829.6
32416.3 7613.68
19460.7 20569.3
26786.8 13243.2
25291.8 14738.2
35074.8 4955.22
15509.4 24520.6
13860.5 26169.5
22897.5 17132.5
6484.39 33545.6
14898.9 25131.1
31049.5 8980.51
36874.2 3155.85
27655.3 12374.7
17680.8 22349.2
24372 15658
34870.8 5159.22
34011.3 6018.73
33649.9 6380.12
14620.5 25409.5
30233 9796.96
26468 13562
32835.4 7194.58
25958.4 14071.6
20689.9 19340.1
15311.4 24718.6
12545.4 27484.6
22318.8 17711.2
36884.3 3145.72
33536.6 6493.38
37864.7 2165.34
36055.6 3974.4
30961.6 9068.37
28148.3 11881.7
31577.1 8452.95
36233.7 3796.32
12564 27466
30612.8 9417.2
16043.9 23986.1
28158 11872
20543.8 19486.2
23989.2 16040.8
18083.5 21946.5
14778.2 25251.8
25394.9 14635.1
31995.4 8034.56
36633.6 3396.37
21011.2 19018.8
22072.1 17957.9
21567 18463
20423.3 19606.7
14515.6 25514.4
31099.2 8930.84
26115.7 13914.3
35624.8 4405.16
26717.4 13312.6
21481.5 18548.5
23790.6 16239.4
23880.3 16149.7
25735.8 14294.2
24184 15846
20761.3 19268.7
14051.4 25978.6
33479.3 6550.71
29933.3 10096.7
36151.3 3878.72
32046.4 7983.61
28424.1 11605.9
33136 6893.96
35526.4 4503.59
34248.6 5781.44
34615.5 5414.53
12919.9 27110.1
35346 4684.01
37521.3 2508.68
28807.9 11222.1
35070.2 4959.78
35382.4 4647.64
30737 9292.99
23558.5 16471.5
34754.9 5275.14
24121.3 15908.7
11733.7 28296.3
29805.6 10224.4
20792.9 19237.1
34682 5348.03
21068 18962
35835.5 4194.46
35611.6 4418.37
33226.1 6803.89
29726.8 10303.2
24528.5 15501.5
18649.6 21380.4
33761.2 6268.83
28500.7 11529.3
34037.8 5992.15
38618.9 1411.08
30678.2 9351.82
23271.9 16758.1
35288.9 4741.09
35012.6 5017.37
20257.4 19772.6
33441.4 6588.65
31999.4 8030.55
36675 3354.95
32205.9 7824.11
37506.2 2523.83
33377.2 6652.85
34779.9 5250.07
30341.7 9688.34
13913.1 26116.9
26338.5 13691.5
18347.2 21682.8
13520.4 26509.6
35358.4 4671.55
30526.5 9503.5
36985.9 3044.12
25391.2 14638.8
26680.9 13349.1
35707.5 4322.52
29791.4 10238.6
22934 17096
32201.8 7828.17
29230.3 10799.7
37286.8 2743.2
37643.2 2386.79
18316.6 21713.4
28406.4 11623.6
35687.9 4342.1
14122.7 25907.3
19246.1 20783.9
6974.13 33055.9
8503.92 31526.1
34452.8 5577.16
32734 7296.03
30731.3 9298.73
31539.3 8490.7
31227.2 8802.8
35481 4548.99
37248.5 2781.46
17337.1 22692.9
34495.5 5534.51
28335.7 11694.3
20980.7 19049.3
27144.3 12885.7
37605.5 2424.49
24909.4 15120.6
14072.2 25957.8
37926.5 2103.5
14763.9 25266.1
17786.4 22243.6
19247.3 20782.7
22999.8 17030.2
30826.7 9203.26
35014.5 5015.46
32941 7088.96
27657.4 12372.6
29305.3 10724.7
35859.4 4170.58
35064.1 4965.94
12291 27739
11711.7 28318.3
35505 4524.97
33473.6 6556.4
29142.6 10887.4
30239.7 9790.33
19925.6 20104.4
20570.2 19459.8
36946.5 3083.53
35335.3 4694.75
22142.7 17887.3
26671.2 13358.8
18744.7 21285.3
32378.3 7651.66
9109.84 30920.2
11030.8 28999.2
33033 6997.01
37354.1 2675.94
28239.5 11790.5
22578.9 17451.1
10199.9 29830.1
31295.3 8734.69
28236.6 11793.4
11709.2 28320.8
30258.1 9771.92
14975 25055
30772.4 9257.6
36746.7 3283.32
17762 22268
29099.7 10930.3
23912.7 16117.3
22170.9 17859.1
38299.6 1730.39
22190.3 17839.7
23204.2 16825.8
29258 10772
35400 4630.01
35391.8 4638.17
21255.3 18774.7
38453.7 1576.33
35492 4537.99
18194 21836
30066.8 9963.16
21355.6 18674.4
36856.4 3173.65
22396.6 17633.4
27997.9 12032.1
30847.2 9182.8
31458 8572.04
35280.7 4749.27
22652.2 17377.8
17122.5 22907.5
34360.7 5669.35
35716.3 4313.73
17823.5 22206.5
17659.1 22370.9
22513.4 17516.6
20321.7 19708.3
23891.1 16138.9
29311.1 10718.9
28573.1 11456.9
33123.3 6906.69
32153.1 7876.92
32263.5 7766.48
30041.2 9988.78
26015.1 14014.9
26608.9 13421.1
33526.5 6503.5
19841.8 20188.2
37094 2936.02
26754.1 13275.9
28402.5 11627.5
33554.6 6475.38
22341.7 17688.3
28213.3 11816.7
32607.3 7422.68
38487.6 1542.37
32911.7 7118.33
31246.4 8783.6
32623.9 7406.14
26708.5 13321.5
20157.2 19872.8
13706.3 26323.7
16894.9 23135.1
25276.3 14753.7
24523.9 15506.1
35120.6 4909.35
27696.7 12333.3
15622.2 24407.8
37205.8 2824.24
34364 5666
34066.1 5963.87
21834.5 18195.5
17558.3 22471.7
15813.8 24216.2
29176.7 10853.3
37253.5 2776.52
26389.3 13640.7
29414.3 10615.7
34077.5 5952.5
14550.2 25479.8
35155.6 4874.41
32504.3 7525.72
35687.6 4342.39
29587.2 10442.8
17193.5 22836.5
28942.9 11087.1
14996.9 25033.1
35021.2 5008.85
29801.2 10228.8
32229.6 7800.4
28808 11222
22468.7 17561.3
36675.6 3354.37
25986.3 14043.7
29179.6 10850.4
35851.4 4178.56
22590.3 17439.7
24979.5 15050.5
12971.3 27058.7
33377 6652.97
15297.8 24732.2
26194.7 13835.3
11047.7 28982.3
35663.6 4366.4
10847.1 29182.9
37374.5 2655.51
27672 12358
14196.1 25833.9
35835.7 4194.34
30194.9 9835.12
35549.9 4480.11
29485.4 10544.6
21915.1 18114.9
31391.4 8638.62
29560.4 10469.6
22198.5 17831.5
32676.6 7353.45
19157.9 20872.1
17017.3 23012.7
25725.3 14304.7
32163.3 7866.66
31807.8 8222.2
33830.2 6199.78
32276.8 7753.21
34982.7 5047.34
32646.6 7383.42
15515 24515
22379.5 17650.5
21937 18093
34843.8 5186.25
27423.1 12606.9
18552.7 21477.3
35941.4 4088.59
20064.5 19965.5
32062.2 7967.84
16031.8 23998.2
32312.2 7717.79
22477 17553
30979.5 9050.49
17576.1 22453.9
10561.5 29468.5
35181.3 4848.7
33523.8 6506.22
23256.9 16773.1
22534.7 17495.3
36040.3 3989.71
21283.5 18746.5
14620.5 25409.5
35556.8 4473.24
32136.9 7893.15
27536.3 12493.7
30229.9 9800.1
34171.9 5858.09
27604.4 12425.6
21029.5 19000.5
21990.8 18039.2
32352.3 7677.68
36207.5 3822.52
23352.3 16677.7
28680 11350
29311.1 10718.9
23193.5 16836.5
19728.4 20301.6
36170.2 3859.78
22356.1 17673.9
30076.1 9953.91
17036.1 22993.9
14244.5 25785.5
26144.5 13885.5
26026.5 14003.5
31673.2 8356.77
36609.5 3420.53
30636.5 9393.51
35520.4 4509.63
27924.8 12105.2
16902.4 23127.6
30011.3 10018.7
19305.9 20724.1
23526.4 16503.6
32547.4 7482.62
26687.7 13342.3
14448.2 25581.8
29696.8 10333.2
31319.6 8710.42
34407.7 5622.31
25474.3 14555.7
37699.6 2330.37
27473 12557
32364.4 7665.59
18090.2 21939.8
22114.8 17915.2
28810.3 11219.7
36583.9 3446.15
30677.9 9352.12
17344.5 22685.5
18471.4 21558.6
25121.2 14908.8
33557.5 6472.54
18559.8 21470.2
38318 1711.95
35314.5 4715.53
23710.4 16319.6
35813.5 4216.54
12465.5 27564.5
15745.6 24284.4
34695.1 5334.87
37264.3 2765.71
18697.8 21332.2
28915.4 11114.6
36608.4 3421.58
25223.4 14806.6
19685.4 20344.6
28384.4 11645.6
18992.3 21037.7
35383.4 4646.61
26030.3 13999.7
34074.3 5955.73
36304.3 3725.71
30339.7 9690.3
31184.1 8845.85
32011.9 8018.13
29372.4 10657.6
27639.2 12390.8
32755.8 7274.17
8072.78 31957.2
25554.4 14475.6
15811.5 24218.5
15162.9 24867.1
33143.9 6886.14
37231.7 2798.33
30224 9805.97
37803.6 2226.43
25149.6 14880.4
18170.7 21859.3
3897 36133
16362.5 23667.5
34848.8 5181.21
27318.7 12711.3
35856.8 4173.18
22849 17181
20243.2 19786.8
29163.6 10866.4
36474.2 3555.76
32749.3 7280.65
29590.7 10439.3
6641.11 33388.9
18794.2 21235.8
28770.9 11259.1
31143.3 8886.65
34722.8 5307.24
33873.1 6156.91
31187.5 8842.47
29007.6 11022.4
29025.5 11004.5
20197.4 19832.6
27139.5 12890.5
27015 13015
21169.7 18860.3
22676.8 17353.2
30166.2 9863.82
23429.8 16600.2
23849.7 16180.3
27168.8 12861.2
22047.8 17982.2
30710.4 9319.63
28748.1 11281.9
24282.3 15747.7
26109.2 13920.8
22814.2 17215.8
19544 20486
37243.4 2786.63
27606.8 12423.2
37711.7 2318.31
17785.1 22244.9
27326.3 12703.7
27486.8 12543.2
23840.7 16189.3
21614.4 18415.6
15902.5 24127.5
31721.6 8308.4
32159.2 7870.81
27806.8 12223.2
36558.3 3471.73
21971.3 18058.7
26943.2 13086.8
27813 12217
37529.9 2500.09
33169.4 6860.64
18154.1 21875.9
25471.9 14558.1
30126.9 9903.15
24988.9 15041.1
35248.3 4781.72
30949.1 9080.88
31821.3 8208.75
19398.3 20631.7
14543.4 25486.6
28678.6 11351.4
29709.9 10320.1
27410.7 12619.3
25562.4 14467.6
31184.1 8845.86
36426 3604.02
35553.2 4476.85
33116.1 6913.9
19511.4 20518.6
33938.7 6091.26
27687.3 12342.7
28971.8 11058.2
34529.2 5500.76
25266.6 14763.4
13779.8 26250.2
34262 5768.03
26205.5 13824.5
17365.9 22664.1
35357.6 4672.39
34866.1 5163.92
17195.5 22834.5
37420.2 2609.78
32715.8 7314.2
14531.8 25498.2
23643.6 16386.4
23479.5 16550.5
36708.5 3321.46
33371.5 6658.46
24117.6 15912.4
19439.4 20590.6
33578.4 6451.58
37396.4 2633.57
25521.7 14508.3
27455.5 12574.5
34224.1 5805.85
37289.8 2740.19
18612.1 21417.9
12133.8 27896.2
12904.7 27125.3
38100 1929.97
13445.7 26584.3
30159.7 9870.33
15152.1 24877.9
26877.1 13152.9
37305.6 2724.44
38265.5 1764.5
26707.5 13322.5
24488.2 15541.8
17681.6 22348.4
22266.4 17763.6
17033.7 22996.3
21849.8 18180.2
32596.8 7433.21
26630.7 13399.3
11518.8 28511.2
22786.3 17243.7
11134.6 28895.4
35436.2 4593.8
24416.2 15613.8
19185.5 20844.5
36496.4 3533.59
11639.7 28390.3
25917.3 14112.7
27037.7 12992.3
15941 24089
33864.2 6165.8
35751 4278.98
21807.3 18222.7
28916.6 11113.4
36539.5 3490.46
14522.5 25507.5
20454.6 19575.4
29631.4 10398.6
12772.8 27257.2
16368.8 23661.2
31102.5 8927.45
8061.74 31968.3
23854.5 16175.5
34102.3 5927.68
24020.9 16009.1
22567.1 17462.9
11381.3 28648.7
18181.9 21848.1
34699.2 5330.77
20246.6 19783.4
25404.8 14625.2
19627.7 20402.3
36607.3 3422.71
20694.7 19335.3
11317.5 28712.5
33135.1 6894.91
26332.8 13697.2
19010.9 21019.1
38470.4 1559.62
12843.3 27186.7
34229.8 5800.15
34836.1 5193.85
27043.1 12986.9
27975.6 12054.4
18804.8 21225.2
22176.5 17853.5
8159.44 31870.6
34657.7 5372.33
33880.7 6149.33
24680 15350
33579.6 6450.35
16899.2 23130.8
31097 8933.03
34948.6 5081.4
15764.9 24265.1
14587 25443
30293 9736.96
21792.7 18237.3
34581.3 5448.7
26138.2 13891.8
31922.5 8107.47
24846.9 15183.1
27209 12821
25473.3 14556.7
34429.5 5600.5
38510.5 1519.52
28140.2 11889.8
30123.3 9906.7
30218.6 9811.41
36574.7 3455.31
15918.3 24111.7
21923.3 18106.7
17164.7 22865.3
26224.9 13805.1
32400 7629.99
18676.1 21353.9
36273.4 3756.58
35096.2 4933.81
20449.1 19580.9
35324.9 4705.07
9627.9 30402.1
15253 24777
22423.2 17606.8
11411.4 28618.6
30297.5 9732.54
20859.4 19170.6
20552.7 19477.3
32623.9 7406.09
34083.7 5946.29
25404.2 14625.8
33871.8 6158.24
26087 13943
16725.7 23304.3
34249 5780.97
31659.3 8370.69
35140.1 4889.93
35938.7 4091.3
25536.3 14493.7
38757.8 1272.16
17542.2 22487.8
23629.7 16400.3
9568.64 30461.4
14357.8 25672.2
27144.1 12885.9
38196.5 1833.51
34113.6 5916.39
37413.6 2616.37
33991 6038.98
26014.3 14015.7
14110 25920
25917.8 14112.2
21719.5 18310.5
20284.4 19745.6
13166.2 26863.8
14727.9 25302.1
33096.4 6933.6
14719.6 25310.4
32182.1 7847.94
17938 22092
25823 14207
31507.8 8522.21
15249.7 24780.3
26488.2 13541.8
27572.6 12457.4
21548.7 18481.3
24103.6 15926.4
29694.5 10335.5
24023.8 16006.2
38574.4 1455.61
20575.5 19454.5
27207.1 12822.9
29729.6 10300.4
16250.1 23779.9
29455.7 10574.3
28858.2 11171.8
37029.7 3000.29
37135.2 2894.81
29189.4 10840.6
33182.2 6847.78
32380.8 7649.24
19079.5 20950.5
33479.5 6550.46
22005.3 18024.7
13018.9 27011.1
37125.6 2904.38
20168.4 19861.6
23642.7 16387.3
20931.2 19098.8
20882.8 19147.2
31722.6 8307.39
14502.1 25527.9
21467.8 18562.2
34146.3 5883.65
14080.1 25949.9
24138.6 15891.4
13971.1 26058.9
28048.8 11981.2
13508.5 26521.5
15643.7 24386.3
30988.3 9041.72
16045.4 23984.6
37618.3 2411.73
31194.6 8835.38
25074.3 14955.7
16075.6 23954.4
26713.3 13316.7
15510 24520
16168.9 23861.1
37084.1 2945.93
6715.74 33314.3
20469.5 19560.5
22269.6 17760.4
18150.8 21879.2
33617.8 6412.15
32305.1 7724.87
13184.7 26845.3
35387.7 4642.3
36763.6 3266.38
28617.1 11412.9
27623 12407
35373.5 4656.49
22734.4 17295.6
20913.7 19116.3
31801.4 8228.59
28607 11423
38432.3 1597.75
30200.9 9829.06
33836.4 6193.63
35514.4 4515.64
29975.7 10054.3
29455.6 10574.4
15920.7 24109.3
32830.9 7199.1
37174.5 2855.55
32560.6 7469.38
34259.1 5770.94
31396.6 8633.41
30046.6 9983.39
32891 7138.99
30141.4 9888.64
21576.6 18453.4
28253.1 11776.9
27588.5 12441.5
25338.6 14691.4
26252.9 13777.1
27001.6 13028.4
6567.16 33462.8
36706.4 3323.64
34461.4 5568.55
33296.2 6733.8
35175.5 4854.48
36685.1 3344.91
30076.6 9953.36
30343.6 9686.4
13195.2 26834.8
22440.3 17589.7
33022.2 7007.82
31042 8987.98
36574.1 3455.93
33733.4 6296.63
35299.8 4730.25
34908.7 5121.34
23739.8 16290.2
36390.7 3639.34
8295.92 31734.1
35144.5 4885.5
21539.1 18490.9
32985.2 7044.8
18136.2 21893.8
28325 11705
32498.5 7531.49
11988.9 28041.1
12401.7 27628.3
12228.1 27801.9
37775.2 2254.84
19164.6 20865.4
18289.4 21740.6
30349.7 9680.29
31095.7 8934.3
18701.6 21328.4
10258.1 29771.9
14969.9 25060.1
26122.2 13907.8
32304.1 7725.89
29181.7 10848.3
32544.8 7485.16
23290.8 16739.2
26609.9 13420.1
33357.8 6672.24
33780.8 6249.23
29826.9 10203.1
32575 7455.03
35605.3 4424.74
33147.8 6882.19
20083.1 19946.9
25804.7 14225.3
20541.9 19488.1
21775 18255
19289.8 20740.2
30374.4 9655.62
28569.7 11460.3
32972.7 7057.29
13635.3 26394.7
28731.4 11298.6
24953.2 15076.8
20937.5 19092.5
34571.9 5458.14
14493.5 25536.5
30900.9 9129.07
20871.4 19158.6
22787.4 17242.6
25573 14457
30111.7 9918.28
28955.4 11074.6
33551 6479.01
36892.1 3137.92
27048.9 12981.1
36190.5 3839.52
27785 12245
21055.7 18974.3
34833.9 5196.11
34687.7 5342.29
20756.7 19273.3
25318.2 14711.8
23288.6 16741.4
37347.7 2682.26
19667.9 20362.1
36335.1 3694.89
28590.5 11439.5
34204.7 5825.28
33043.8 6986.15
34261.9 5768.07
6203.75 33826.3
20756.6 19273.4
14237.9 25792.1
30488.3 9541.7
36588.1 3441.87
34653.3 5376.74
15508 24522
39109.2 920.784
33677.6 6352.37
37096.8 2933.25
27700.9 12329.1
33547.5 6482.53
28020.4 12009.6
10671.6 29358.4
22437.4 17592.6
37787.5 2242.49
25507.8 14522.2
5986.59 34043.4
23288.6 16741.4
36155.3 3874.71
21185 18845
28102 11928
23466 16564
31652.8 8377.23
30524.3 9505.66
18727.1 21302.9
37310.3 2719.75
19211 20819
33720.6 6309.43
19203.4 20826.6
10750.1 29279.9
31942.4 8087.58
33739.4 6290.65
32654.9 7375.11
22656 17374
33427.1 6602.88
36786.5 3243.48
36347.4 3682.6
31039.3 8990.74
10445.9 29584.1
22881.1 17148.9
29202 10828
21184.9 18845.1
17824.8 22205.2
22565.9 17464.1
19726.1 20303.9
24053.3 15976.7
32987 7042.95
34507 5523.05
33852.8 6177.2
34776 5254.05
22040.2 17989.8
17774.4 22255.6
28179.8 11850.2
28330.3 11699.7
19208.5 20821.5
28029.8 12000.2
13660 26370
34026.7 6003.31
25196.4 14833.6
20056.4 19973.6
25056.7 14973.3
30910.2 9119.82
34526.7 5503.26
34383.9 5646.09
29801.8 10228.2
34763 5267.04
21635.6 18394.4
20269 19761
17953.4 22076.6
16622.3 23407.7
14278 25752
32799.9 7230.09
29498.4 10531.6
32250.9 7779.07
14856 25174
20498.6 19531.4
37313.4 2716.64
32408.9 7621.13
16079.1 23950.9
14437.4 25592.6
8809.65 31220.4
27986.5 12043.5
8393.81 31636.2
33860.3 6169.68
36924.9 3105.08
21946.4 18083.6
25648.9 14381.1
24505.8 15524.2
34353.5 5676.48
27299.9 12730.1
22009.6 18020.4
22671.7 17358.3
11905 28125
30379.9 9650.07
37471.4 2558.65
35511.2 4518.79
35061.2 4968.78
31257.5 8772.49
30637.8 9392.22
27011.6 13018.4
25937.9 14092.1
33204.1 6825.86
22272 17758
20149.3 19880.7
30323.1 9706.85
36006 4023.97
20374.6 19655.4
35188.4 4841.59
5775.72 34254.3
22642.4 17387.6
12642.8 27387.2
12928.8 27101.2
30837.4 9192.64
32990.5 7039.5
35686.2 4343.81
28236.4 11793.6
28189 11841
31405.7 8624.28
27519.6 12510.4
10583 29447
29887.7 10142.3
33062.3 6967.69
25254.1 14775.9
32409.4 7620.64
30407.5 9622.53
36604.6 3425.43
16601 23429
34460.4 5569.58
36949.7 3080.28
19622.5 20407.5
31566.9 8463.13
32466.8 7563.25
22313.1 17716.9
24146.3 15883.7
37423.6 2606.38
26908.8 13121.2
35707.7 4322.27
32266.1 7763.86
30167.4 9862.63
24417 15613
30499.9 9530.12
32880.3 7149.72
11556.7 28473.3
18217.7 21812.3
35031.8 4998.16
28365.2 11664.8
35560.7 4469.29
37497.3 2532.7
25609.2 14420.8
34678.3 5351.72
35852.9 4177.07
21481.9 18548.1
31202.2 8827.83
34992.7 5037.3
36820.2 3209.82
15089.1 24940.9
35829.4 4200.56
36876.8 3153.21
27782.8 12247.2
20934.6 19095.4
30126.5 9903.55
26016.5 14013.5
32622.5 7407.45
33808 6221.99
34970.3 5059.71
12383.5 27646.5
4615.12 35414.9
18449 21581
21710.2 18319.8
33960.8 6069.23
31252 8778.01
34953.9 5076.08
31884.6 8145.35
27874.5 12155.5
29426.2 10603.8
29614.8 10415.2
33557.3 6472.7
21428.2 18601.8
27112.4 12917.6
32252 7778.04
16763.9 23266.1
31546.8 8483.24
34839.6 5190.4
34201.7 5828.27
32976 7054.03
34048.2 5981.78
36463.2 3566.78
30816.3 9213.7
20367 19663
36986 3044.02
26553.4 13476.6
34573.7 5456.28
15959 24071
10745.9 29284.1
34779.5 5250.54
26068.4 13961.6
32666.8 7363.2
27045.9 12984.1
25670.4 14359.6
37300.9 2729.09
29929.3 10100.7
34051.1 5978.88
36019.1 4010.85
36927.2 3102.85
15263.7 24766.3
30100.4 9929.64
36706.6 3323.38
34365.1 5664.95
29523.3 10506.7
26346.5 13683.5
19651.9 20378.1
17430.5 22599.5
26694.6 13335.4
29697.9 10332.1
19026.2 21003.8
34220 5810
34676.2 5353.77
28107.2 11922.8
29496.1 10533.9
23072.7 16957.3
34482.9 5547.12
27859 12171
35661.5 4368.46
19031.9 20998.1
20191 19839
18150.8 21879.2
35717.3 4312.74
27710 12320
26119.4 13910.6
38015.3 2014.7
26979.5 13050.5
14765.9 25264.1
21543.5 18486.5
27224.4 12805.6
8576.84 31453.2
34005 6024.95
33054.7 6975.33
20395.4 19634.6
32210.5 7819.53
37643.2 2386.84
17255.2 22774.8
35208.4 4821.56
21471.1 18558.9
23150.4 16879.6
23550.7 16479.3
35210.8 4819.16
35738.8 4291.17
26993.9 13036.1
15628.4 24401.6
35114.2 4915.84
28334.5 11695.5
35101.7 4928.35
21433.7 18596.3
26332.9 13697.1
35214.3 4815.71
14364.2 25665.8
24755.1 15274.9
13863.6 26166.4
22358.4 17671.6
30691.4 9338.58
31772.9 8257.06
28674.4 11355.6
15434.1 24595.9
32823.1 7206.89
28219.4 11810.6
31573.7 8456.32
36948 3081.96
21888.5 18141.5
33588.3 6441.66
15874.9 24155.1
16268.4 23761.6
35161 4868.96
22624.4 17405.6
27946.4 12083.6
32866.7 7163.32
35279.1 4750.85
26622 13408
17750.6 22279.4
20294.2 19735.8
37223.3 2806.72
15138.1 24891.9
38820.2 1209.85
17698.5 22331.5
34623.8 5406.24
34402.1 5627.92
23804.3 16225.7
8068.52 31961.5
29868.3 10161.7
36128.3 3901.73
10324.1 29705.9
32324.7 7705.29
33428.4 6601.58
32681.4 7348.61
22319.8 17710.2
13125.4 26904.6
25865.7 14164.3
14631.9 25398.1
25925.4 14104.6
33632.2 6397.85
33131.2 6898.84
27691.5 12338.5
36722.5 3307.51
33528.7 6501.29
28881 11149
24509.2 15520.8
33970.4 6059.61
17571.2 22458.8
28149.8 11880.2
13701.2 26328.8
31538.2 8491.82
12303.3 27726.7
17554.8 22475.2
37673.7 2356.34
7979.21 32050.8
32044.2 7985.77
34856.3 5173.74
19217.9 20812.1
37271 2758.98
35553.9 4476.09
14724.9 25305.1
18649.1 21380.9
13315.1 26714.9
26621 13409
22499.4 17530.6
25090.2 14939.8
17402.8 22627.2
34618.9 5411.12
29209.4 10820.6
19925.9 20104.1
17906.5 22123.5
24759 15271
26491.8 13538.2
17455.2 22574.8
37387.9 2642.13
34210.1 5819.91
35668 4361.97
29043.3 10986.7
27038.4 12991.6
24567 15463
26374.6 13655.4
12413.7 27616.3
13148.3 26881.7
28908.8 11121.2
32676.5 7353.54
28473.7 11556.3
36513.4 3516.57
29365.7 10664.3
34920.6 5109.43
30103.4 9926.61
24006.7 16023.3
26564.2 13465.8
27333.3 12696.7
14206.7 25823.3
18105.6 21924.4
34756.4 5273.63
25757.7 14272.3
15363.6 24666.4
33121.9 6908.11
15081.1 24948.9
27466.5 12563.5
7466.57 32563.4
24745.2 15284.8
29886.8 10143.2
30031.5 9998.55
30709 9321.04
37724.5 2305.45
26813.3 13216.7
22948.7 17081.3
17073.7 22956.3
35214.8 4815.23
30422.5 9607.49
35372.9 4657.07
21307.3 18722.7
29472.8 10557.2
11467.5 28562.5
20964.1 19065.9
35346.6 4683.41
21294.3 18735.7
20355.8 19674.2
34868.9 5161.07
35174.2 4855.79
9231.82 30798.2
34651.1 5378.94
23253.1 16776.9
24554.2 15475.8
16253.8 23776.2
22733.1 17296.9
35629.6 4400.36
15404.6 24625.4
28652.7 11377.3
27872.3 12157.7
22391.2 17638.8
35936.1 4093.94
28199.3 11830.7
22375.6 17654.4
31644.4 8385.62
26374.9 13655.1
34688.8 5341.24
25005.1 15024.9
20602 19428
30150 9879.96
11168.4 28861.6
37192.3 2837.71
17958.8 22071.2
34058.3 5971.68
37230.7 2799.25
25311.2 14718.8
30580.3 9449.66
30131.7 9898.35
19606.8 20423.2
21087.5 18942.5
35977.3 4052.69
37082.5 2947.52
28023.2 12006.8
18785.5 21244.5
15365.7 24664.3
35537.4 4492.64
31807.5 8222.46
17248.2 22781.8
8821.89 31208.1
22941.2 17088.8
21530.6 18499.4
32027.2 8002.75
29692.2 10337.8
37356.6 2673.43
35679.7 4350.33
36856 3174.02
34112.6 5917.41
26742.2 13287.8
28667 11363
34615.7 5414.34
32065.1 7964.89
36316.8 3713.21
36008.8 4021.18
33183.5 6846.51
35749.4 4280.61
32219.3 7810.68
30561 9469.03
23356.8 16673.2
31364.3 8665.73
30673.9 9356.05
32591.6 7438.36
32526.4 7503.62
25231.5 14798.5
33952 6078.04
32433.9 7596.14
32585.8 7444.19
38347.4 1682.6
11710.6 28319.4
23184.4 16845.6
26959.6 13070.4
32399.5 7630.53
23889.4 16140.6
13978.2 26051.8
38347.3 1682.71
11745.4 28284.6
16127.9 23902.1
26783.3 13246.7
28228.9 11801.1
21586.3 18443.7
34254.4 5775.55
36824.2 3205.85
35785.8 4244.2
25461.9 14568.1
11880 28150
33177.3 6852.68
37622.3 2407.75
19956.5 20073.5
37868.2 2161.79
18509 21521
27280.7 12749.3
21944.9 18085.1
35025.8 5004.23
36455.4 3574.58
21186 18844
31413.8 8616.17
16140.5 23889.5
18275.5 21754.5
24923.1 15106.9
33524.8 6505.25
25450.3 14579.7
24148.4 15881.6
37767.9 2262.08
32067 7963.01
30948.2 9081.75
26445.8 13584.2
17281.2 22748.8
31819.1 8210.95
17831.5 22198.5
17826.2 22203.8
34342.4 5687.58
24323.6 15706.4
21086.4 18943.6
31770.4 8259.61
26347.8 13682.2
35371.8 4658.19
37082 2947.97
34550 5479.98
26110.9 13919.1
33156.1 6873.91
27546.5 12483.5
15609.7 24420.3
31177.1 8852.92
35231.6 4798.39
36927.5 3102.49
18999.2 21030.8
17174.8 22855.2
35817.3 4212.71
19642.4 20387.6
29062.6 10967.4
33581.6 6448.42
27515.6 12514.4
14927.3 25102.7
36299 3730.95
28025.3 12004.7
30853.9 9176.13
36406.8 3623.16
20873.9 19156.1
32124.6 7905.42
14830.6 25199.4
23163 16867
20095.7 19934.3
25517.3 14512.7
30406.9 9623.07
18217.6 21812.4
5424.93 34605.1
21921.6 18108.4
7878.61 32151.4
9807.08 30222.9
11482.3 28547.7
31354.2 8675.82
34782.9 5247.05
32418.4 7611.64
23456.4 16573.6
29807 10223
25740 14290
28304.2 11725.8
33136.8 6893.24
27054.4 12975.6
24808.4 15221.6
30276.4 9753.56
35936.1 4093.87
9794.93 30235.1
20909 19121
24549 15481
26949 13081
35163.9 4866.1
21759.4 18270.6
24082.7 15947.3
26107.4 13922.6
36194.2 3835.76
27825.2 12204.8
35968.4 4061.62
36647.3 3382.71
31859.3 8170.73
33392 6638.01
26808.6 13221.4
36999 3031
21439.2 18590.8
23967 16063
29322.7 10707.3
27602.7 12427.3
30284.4 9745.61
21674.1 18355.9
32022.5 8007.54
13797 26233
25538.2 14491.8
22712.3 17317.7
24613.8 15416.2
18588.3 21441.7
19521.4 20508.6
18709.5 21320.5
31148.9 8881.13
34435.8 5594.16
32835.8 7194.22
36722.4 3307.62
22313.4 17716.6
17029 23001
29616.7 10413.3
27766 12264
32591.7 7438.29
27352.9 12677.1
31876.7 8153.31
25831.5 14198.5
26719.8 13310.2
34390.3 5639.71
19500.9 20529.1
31069.6 8960.42
19823 20207
36572.7 3457.34
37937 2092.96
36764.2 3265.8
30150.2 9879.83
20745.6 19284.4
25991.8 14038.2
19333 20697
23438.3 16591.7
25105.5 14924.5
31122 8907.96
29047.1 10982.9
35298.4 4731.55
31694.2 8335.83
30717.6 9312.42
31012.7 9017.29
8115.71 31914.3
20707.1 19322.9
33195.9 6834.07
14581.9 25448.1
20001.6 20028.4
18235.1 21794.9
13486.4 26543.6
31782.7 8247.3
18054.6 21975.4
12876 27154
37260.1 2769.95
13889.4 26140.6
34985.2 5044.83
25949.6 14080.4
24726.5 15303.5
38228.7 1801.31
23359.3 16670.7
33218.8 6811.21
29446.3 10583.7
32767.9 7262.06
31762.4 8267.55
26099.2 13930.8
33496 6534.04
18613 21417
26568.4 13461.6
24216.7 15813.3
31820.3 8209.69
33207.7 6822.27
8415.89 31614.1
28050.7 11979.3
34781.9 5248.11
5141.72 34888.3
33304.1 6725.88
10451.8 29578.2
38477 1552.96
35453.2 4576.83
30604.8 9425.23
19907.1 20122.9
36290.2 3739.85
17635.5 22394.5
33350.1 6679.88
28755.1 11274.9
32308.9 7721.08
21299.7 18730.3
36928.6 3101.42
23939 16091
36688.4 3341.56
22012.8 18017.2
35192.3 4837.65
34670.2 5359.83
35466.5 4563.52
21984.9 18045.1
35998.5 4031.51
20226.3 19803.7
26632 13398
29950.7 10079.3
22819.8 17210.2
37975.9 2054.08
25286.5 14743.5
25740.8 14289.2
33135.9 6894.07
30466.7 9563.34
17502 22528
31834.6 8195.44
25022.1 15007.9
35827 4203.01
33134.4 6895.61
22989.7 17040.3
23743.8 16286.2
14491 25539
37147.8 2882.18
36457.6 3572.41
31343.4 8686.58
21117.2 18912.8
33829.1 6200.92
27824.4 12205.6
34889.3 5140.65
33103.8 6926.2
18458.6 21571.4
18833.4 21196.6
32129 7900.97
31897.1 8132.88
34282.4 5747.57
30104.7 9925.34
38591.7 1438.32
34217.7 5812.28
32997.3 7032.69
19814.2 20215.8
30552.4 9477.58
34338.9 5691.14
27257.5 12772.5
11095.1 28934.9
20706.6 19323.4
36539.6 3490.42
37344.1 2685.92
30316.2 9713.84
30490 9540.01
31153.9 8876.08
16885.7 23144.3
31720.8 8309.23
34224.3 5805.7
20759.6 19270.4
23696.8 16333.2
30094.5 9935.52
26834 13196
17349.6 22680.4
19140.6 20889.4
22669.3 17360.7
31340.7 8689.29
35537.6 4492.36
11768.8 28261.2
26231.4 13798.6
29455.7 10574.3
22039.2 17990.8
28717.2 11312.8
35089.4 4940.62
30718.1 9311.86
33196.6 6833.4
25688.9 14341.1
31986.3 8043.75
15258.8 24771.2
31035.4 8994.56
31933.2 8096.79
10665.8 29364.2
23489.7 16540.3
14890.4 25139.6
12954.3 27075.7
4437.44 35592.6
30654.3 9375.74
28522.8 11507.2
18497.2 21532.8
32817.7 7212.32
28762.6 11267.4
29085 10945
23000.5 17029.5
17682.1 22347.9
37577 2452.99
37165.6 2864.41
29692.7 10337.3
33080.5 6949.48
28736.6 11293.4
22086.8 17943.2
16720.3 23309.7
19570.5 20459.5
34616.7 5413.31
20047.3 19982.7
26461.5 13568.5
25784.7 14245.3
17707.7 22322.3
25602.1 14427.9
35238.9 4791.15
24472.8 15557.2
12716.5 27313.5
34654.2 5375.85
32161.4 7868.63
21519 18511
33844.5 6185.5
23566.5 16463.5
32661.5 7368.46
32007 8023.01
38183.5 1846.53
31433.9 8596.12
25850.3 14179.7
19675.3 20354.7
30196.4 9833.64
37088 2941.99
36884.9 3145.13
31550 8480.04
28690.6 11339.4
29666.7 10363.3
34084.1 5945.92
26936.1 13093.9
19680.3 20349.7
28394.7 11635.3
20604.5 19425.5
26671.9 13358.1
35252.6 4777.36
28645.8 11384.2
28384.7 11645.3
13076.4 26953.6
12610.9 27419.1
15651.3 24378.7
27727.5 12302.5
28885.9 11144.1
22291.6 17738.4
28414.2 11615.8
24359.1 15670.9
26737.1 13292.9
17283 22747
33440.1 6589.92
30216.5 9813.47
18741.6 21288.4
35768.7 4261.35
20058.8 19971.2
31671.4 8358.56
22599.5 17430.5
30409 9620.97
16541.5 23488.5
20310.7 19719.3
27876.7 12153.3
9662.57 30367.4
33543.4 6486.65
27609.9 12420.1
19440.5 20589.5
12422.7 27607.3
19716.1 20313.9
31890.4 8139.57
29441.6 10588.4
27720.2 12309.8
31544.4 8485.58
33629.8 6400.2
32577.7 7452.29
11189.9 28840.1
36697 3333.01
35276.4 4753.6
30594.6 9435.44
20049.9 19980.1
31079.7 8950.31
30918.5 9111.52
27758.7 12271.3
33500.8 6529.22
25587.5 14442.5
28659.8 11370.2
27850.2 12179.8
29870.2 10159.8
31247.7 8782.29
36252.2 3777.75
32675.8 7354.19
14225.6 25804.4
18867 21163
36020.5 4009.49
37170.2 2859.82
34502.8 5527.24
36144.7 3885.31
18925.2 21104.8
10922.9 29107.1
26758.4 13271.6
36447.7 3582.28
29087.4 10942.6
24100.3 15929.7
33444.8 6585.18
16512.1 23517.9
32103.3 7926.73
12553.2 27476.8
18961.7 21068.3
32093.3 7936.7
26079.2 13950.8
38164 1866.01
18591.6 21438.4
32749.9 7280.08
31973.1 8056.87
34131.2 5898.78
19485.2 20544.8
38224.7 1805.33
16841.8 23188.2
24017.5 16012.5
30806.8 9223.2
16632.3 23397.7
9904.83 30125.2
8398.97 31631
9884.69 30145.3
15641.1 24388.9
28862.9 11167.1
17023.9 23006.1
29961.6 10068.4
28368.7 11661.3
24447.9 15582.1
32121.8 7908.22
31965.2 8064.78
15092.6 24937.4
26698 13332
28486.3 11543.7
27504.8 12525.2
34131.1 5898.9
29517 10513
18678.7 21351.3
37270 2759.98
35199.9 4830.1
34568.9 5461.12
11707.1 28322.9
18707.7 21322.3
21195.8 18834.2
27605.3 12424.7
24419.6 15610.4
26127.8 13902.2
27954.1 12075.9
32081 7949.02
23578 16452
33360.6 6669.35
16014 24016
17577 22453
29363.2 10666.8
36048.6 3981.4
33796.3 6233.73
32892.7 7137.34
31210.7 8819.29
15217.6 24812.4
20056.7 19973.3
23513.4 16516.6
14460.8 25569.2
33291.9 6738.09
25512.3 14517.7
35833.5 4196.47
22750.7 17279.3
21135.5 18894.5
22062.5 17967.5
30185.4 9844.64
33742.2 6287.84
26065.9 13964.1
10265.3 29764.7
31692.4 8337.56
21177.4 18852.6
28308.8 11721.2
27108.3 12921.7
19558.8 20471.2
33274.2 6755.76
35990.9 4039.09
18327.8 21702.2
25095 14935
28057.4 11972.6
33969.3 6060.72
28626.9 11403.1
32389.1 7640.88
31371.7 8658.26
37805.6 2224.41
28009 12021
35338.1 4691.85
21095.5 18934.5
23939.5 16090.5
21691.9 18338.1
24565.1 15464.9
33797.5 6232.5
9240.04 30790
19932.6 20097.4
18473.9 21556.1
15483.8 24546.2
13306.5 26723.5
13511.1 26518.9
15579.6 24450.4
8823.1 31206.9
30246.1 9783.92
33727.1 6302.9
33831 6199.02
23387.2 16642.8
28105.1 11924.9
36173.7 3856.3
22993.1 17036.9
30640.6 9389.43
37594.7 2435.28
26387.9 13642.1
17899 22131
20602.4 19427.6
16173 23857
34869.1 5160.89
31573.6 8456.4
38484.7 1545.35
24008.5 16021.5
29797.3 10232.7
35319.1 4710.94
35687 4342.97
35380.3 4649.71
14878.4 25151.6
35842.2 4187.83
23469.3 16560.7
35562.8 4467.18
29960.3 10069.7
34345.4 5684.6
28979.2 11050.8
26891.6 13138.4
35241.1 4788.92
36932.2 3097.81
23581 16449
14776.5 25253.5
18053.6 21976.4
14671.6 25358.4
10684.3 29345.7
36642.8 3387.24
28706.5 11323.5
31696 8333.96
27976.8 12053.2
27984.8 12045.2
34963.4 5066.61
29113 10917
16555.9 23474.1
33981.5 6048.48
36877.8 3152.24
14787 25243
28446.4 11583.6
36197.8 3832.25
33114 6916.02
34916.6 5113.38
33749.4 6280.59
36211.5 3818.49
21520.8 18509.2
31398.8 8631.23
27863.5 12166.5
25364.9 14665.1
37776.3 2253.75
26216.2 13813.8
32457.7 7572.28
22885.9 17144.1
13041.2 26988.8
35759.9 4270.06
8731.55 31298.4
28399.1 11630.9
12049.6 27980.4
25398.8 14631.2
22176 17854
32311.7 7718.3
34361.8 5668.16
11027 29003
30802.5 9227.45
32633 7396.99
27109.2 12920.8
7940.64 32089.4
30686.4 9343.57
23526.1 16503.9
38872.2 1157.83
33725.3 6304.67
35214.3 4815.68
30090.4 9939.56
18770.4 21259.6
34793.6 5236.36
24460.8 15569.2
37622.6 2407.43
10144 29886
34324.9 5705.1
33377.9 6652.14
33034.5 6995.48
30247 9782.98
29593.3 10436.7
36817.2 3212.79
23285.4 16744.6
36454.8 3575.24
22444.6 17585.4
25715.1 14314.9
21361.3 18668.7
22696.4 17333.6
18572.2 21457.8
22534.5 17495.5
27706.5 12323.5
31073.4 8956.65
36033 3997.02
25004.1 15025.9
32751.6 7278.35
23252.4 16777.6
36539.1 3490.89
12369 27661
30504 9525.99
31981.8 8048.16
33077.6 6952.39
37370.6 2659.43
37455.8 2574.22
37352.7 2677.29
21928.9 18101.1
11503.8 28526.2
30163.3 9866.73
16318.4 23711.6
23664.9 16365.1
28871.9 11158.1
25592.8 14437.2
33425.5 6604.5
17853.7 22176.3
15350.8 24679.2
25831.2 14198.8
32113.6 7916.39
15436.3 24593.7
27601.8 12428.2
17122.2 22907.8
33925.4 6104.56
31675.8 8354.16
25319.3 14710.7
21116.4 18913.6
24783.6 15246.4
30568.9 9461.09
36703.8 3326.16
24638.4 15391.6
38453.6 1576.43
36073.2 3956.83
25076.9 14953.1
35514.3 4515.7
28543.7 11486.3
28954.2 11075.8
22737.6 17292.4
14881 25149
16240.7 23789.3
31402.3 8627.73
33625.4 6404.63
31769.8 8260.15
34233.4 5796.58
22273 17757
23869.4 16160.6
25950.7 14079.3
27029.1 13000.9
36002 4027.96
31685.6 8344.41
37852.8 2177.24
25357.8 14672.2
39006.1 1023.94
22492.4 17537.6
28067 11963
34425.5 5604.46
34213.8 5816.23
38406.3 1623.69
36277.3 3752.67
23482.6 16547.4
30930.5 9099.51
18763.7 21266.3
33974 6055.97
10795.4 29234.6
12588 27442
14368.3 25661.7
9841.01 30189
30137.5 9892.49
19584.7 20445.3
14136.9 25893.1
24412.6 15617.4
23778.6 16251.4
31424.2 8605.84
31907.8 8122.2
20692.9 19337.1
29102.3 10927.7
17480.2 22549.8
28791.6 11238.4
28981.9 11048.1
24515.1 15514.9
35140.2 4889.8
18110.9 21919.1
21383.6 18646.4
35854.4 4175.59
34201 5829.05
37166 2863.98
30299.2 9730.76
17748.2 22281.8
28746.5 11283.5
11488.8 28541.2
36993.9 3036.15
23065.8 16964.2
35299.6 4730.44
17576.8 22453.2
28341.5 11688.5
21270.4 18759.6
24623.9 15406.1
34265 5765.02
33448.6 6581.39
29060.8 10969.2
32348.1 7681.93
34736.2 5293.8
8387.9 31642.1
14698.6 25331.4
34744 5286.01
28845.8 11184.2
19491.6 20538.4
27560.6 12469.4
35842.8 4187.17
20144.6 19885.4
36664.2 3365.83
32818.5 7211.52
26368 13662
21187.8 18842.2
18878.6 21151.4
25952.1 14077.9
28333.4 11696.6
29627.4 10402.6
17972.7 22057.3
37377.6 2652.38
33694.3 6335.74
23987.9 16042.1
25834.3 14195.7
20920.6 19109.4
28678.5 11351.5
26078.8 13951.2
34416.9 5613.15
34777.3 5252.66
24734.5 15295.5
13402.4 26627.6
28586.4 11443.6
35548.4 4481.59
23842.8 16187.2
23222.9 16807.1
34352.5 5677.47
29200.9 10829.1
23144.4 16885.6
30517.8 9512.16
34939.9 5090.12
15641.7 24388.3
13052.5 26977.5
15321.5 24708.5
19482.8 20547.2
19439.5 20590.5
23406 16624
13569.9 26460.1
7534.93 32495.1
19691.5 20338.5
6035.63 33994.4
30913.6 9116.45
22623.5 17406.5
34270.3 5759.7
28467.8 11562.2
25625.1 14404.9
16591.7 23438.3
27748.4 12281.6
19031.3 20998.7
13001 27029
23893.3 16136.7
22339.5 17690.5
20134 19896
35966.3 4063.68
34782.1 5247.93
32478.8 7551.21
18963.5 21066.5
27033.8 12996.2
35372.2 4657.75
22111.7 17918.3
27755.8 12274.2
33320.1 6709.93
18895.4 21134.6
34062.1 5967.88
22360.4 17669.6
26391.2 13638.8
27827 12203
15679.3 24350.7
20703.2 19326.8
27550.3 12479.7
24948.3 15081.7
35733.2 4296.84
22448.9 17581.1
26544.8 13485.2
35175.4 4854.65
27256.8 12773.2
11163.8 28866.2
25482.4 14547.6
29620.1 10409.9
32877.7 7152.32
34838.6 5191.37
28256.1 11773.9
35841.5 4188.51
35675.6 4354.44
31735.5 8294.54
27614.9 12415.1
35379.9 4650.07
9795.97 30234
17194.2 22835.8
36432.6 3597.36
19837.6 20192.4
35380.1 4649.88
24218.4 15811.6
33933.6 6096.41
22978.8 17051.2
28075.8 11954.2
32444.7 7585.32
23712.5 16317.5
34478.2 5551.79
28888.7 11141.3
36086.2 3943.82
34442 5587.99
17318.1 22711.9
37890 2140.03
22368 17662
20281.9 19748.1
31892.2 8137.8
9011.19 31018.8
36462.4 3567.63
12269.8 27760.2
26778.7 13251.3
38257.9 1772.13
27255.9 12774.1
14672.6 25357.4
36175.7 3854.27
17677.6 22352.4
20990.4 19039.6
34447.8 5582.19
8820.58 31209.4
26886.7 13143.3
25025.5 15004.5
36612 3418.01
36079.3 3950.65
11611 28419
14082.2 25947.8
29466.5 10563.5
28027.2 12002.8
33967 6062.96
27458.5 12571.5
23899.9 16130.1
15195.3 24834.7
27990.8 12039.2
36269.2 3760.8
21696.2 18333.8
34271.6 5758.4
19607.5 20422.5
16617.3 23412.7
31911.1 8118.94
25838.1 14191.9
35551.3 4478.7
35124.6 4905.41
7137.81 32892.2
21116.6 18913.4
29969.3 10060.7
16721 23309
28393.9 11636.1
28731.4 11298.6
19193.2 20836.8
35504.9 4525.07
32937.7 7092.27
22282.4 17747.6
22147.1 17882.9
33175.6 6854.39
23930.3 16099.7
28695.7 11334.3
14737.9 25292.1
25207.9 14822.1
30660.7 9369.27
34282.8 5747.22
34694.4 5335.55
19606.4 20423.6
23245.2 16784.8
21199.5 18830.5
37048.7 2981.34
6182.08 33847.9
28037.4 11992.6
31257.1 8772.92
11108.1 28921.9
22018 18012
28115.8 11914.2
30813.6 9216.44
36263 3767
32557.8 7472.23
31184.6 8845.45
38477.3 1552.7
29590.2 10439.8
33963.8 6066.2
8001.18 32028.8
19570.1 20459.9
31318.8 8711.19
37256.7 2773.27
28566.2 11463.8
35726.7 4303.28
28164.8 11865.2
16079.5 23950.5
24103.6 15926.4
20160.7 19869.3
31357 8673.02
33560.7 6469.29
37761.9 2268.08
26089.1 13940.9
33923.4 6106.56
36596.3 3433.69
17055.9 22974.1
34613.4 5416.65
34749.5 5280.54
31004.2 9025.77
31610 8419.96
30465.8 9564.16
33886.7 6143.32
34584.7 5445.27
28470.6 11559.4
38488.4 1541.57
34652.8 5377.19
19844.5 20185.5
28376.7 11653.3
25028 15002
34311.9 5718.11
22527.1 17502.9
28877.9 11152.1
18837.4 21192.6
35595.8 4434.23
27453.3 12576.7
31996.2 8033.75
24836.1 15193.9
31935.4 8094.56
30374.3 9655.68
36688.5 3341.47
35300.2 4729.77
14178.8 25851.2
28387.8 11642.2
27175.2 12854.8
28431.5 11598.5
32363.3 7666.66
24611.5 15418.5
28078.5 11951.5
14600.8 25429.2
26962.5 13067.5
36337.2 3692.78
30255 9775.03
38014.2 2015.79
31724.7 8305.28
24565.2 15464.8
9991.18 30038.8
36024.9 4005.1
29126.7 10903.3
22868.8 17161.2
29554.4 10475.6
22886.6 17143.4
31608.3 8421.68
17312.7 22717.3
13370.7 26659.3
17720 22310
33518.1 6511.92
29417.3 10612.7
30377.3 9652.71
18564.5 21465.5
11361.3 28668.7
16504 23526
18103.7 21926.3
36107.1 3922.89
20703.9 19326.1
25161.4 14868.6
23741 16289
20404.4 19625.6
35268.4 4761.62
31353.4 8676.63
34588.7 5441.34
35953.8 4076.16
26713.5 13316.5
5607.17 34422.8
25266.2 14763.8
13208.5 26821.5
31800 8230.03
27475.5 12554.5
22025.4 18004.6
20163.3 19866.7
6062.72 33967.3
13513.7 26516.3
22136 17894
28461.1 11568.9
18835.9 21194.1
27511.1 12518.9
29653.1 10376.9
30436.9 9593.14
20488.6 19541.4
19010.6 21019.4
36316.1 3713.93
26534.9 13495.1
19503.6 20526.4
16472.3 23557.7
35606.8 4423.18
32287.2 7742.84
28663.4 11366.6
23058.1 16971.9
18009.5 22020.5
24734.8 15295.2
18106.3 21923.7
28365.7 11664.3
24412.9 15617.1
30006.9 10023.1
21839 18191
34322.9 5707.05
28804.7 11225.3
15336.9 24693.1
31527.9 8502.11
30887.6 9142.37
36779.1 3250.94
17456.3 22573.7
22619.6 17410.4
27399.9 12630.1
16153.3 23876.7
34132 5898.02
22042.3 17987.7
14615.6 25414.4
25404.5 14625.5
22072.4 17957.6
37502.3 2527.67
9956.72 30073.3
27887.5 12142.5
35087.6 4942.42
32979.4 7050.62
13300.2 26729.8
30776.4 9253.65
14227.8 25802.2
26184.4 13845.6
24721.8 15308.2
21552.5 18477.5
16455.6 23574.4
35575.5 4454.54
13103.9 26926.1
29668.2 10361.8
13321.5 26708.5
35793.7 4236.3
22532.6 17497.4
27267.9 12762.1
10348.7 29681.3
17455.5 22574.5
27888 12142
31371.4 8658.55
34052.5 5977.5
31041.2 8988.83
25210 14820
15967.4 24062.6
33767.1 6262.86
23410.6 16619.4
13592.4 26437.6
30343.8 9686.25
19611.4 20418.6
36117.6 3912.37
34070 5960.04
22557.4 17472.6
25605.5 14424.5
35082.7 4947.3
23025.3 17004.7
34191.7 5838.31
10048.8 29981.2
15520.2 24509.8
34236.3 5793.74
28500.7 11529.3
37664.7 2365.27
29734 10296
36199.9 3830.08
34513.9 5516.12
35861.3 4168.74
33548.5 6481.47
12062.7 27967.3
31283.1 8746.95
17559.2 22470.8
25517.1 14512.9
27478.8 12551.2
24458.8 15571.2
28875.2 11154.8
38073.8 1956.22
36068.8 3961.18
35637.5 4392.52
16315.1 23714.9
26276.7 13753.3
25743.3 14286.7
31744 8286.01
35330.1 4699.94
31665.7 8364.26
30913.6 9116.44
24532.5 15497.5
14228.4 25801.6
34978.3 5051.66
32900.7 7129.26
16173.2 23856.8
16333.9 23696.1
26264.1 13765.9
38051.1 1978.95
23139.5 16890.5
35072.9 4957.15
12687 27343
33450 6580.03
27149 12881
30095.6 9934.4
32841.6 7188.38
26702.5 13327.5
14008.1 26021.9
10649.3 29380.7
34189.6 5840.44
31778 8251.95
13636.1 26393.9
33955.8 6074.17
34938.7 5091.32
21898.5 18131.5
20025.2 20004.8
24893.8 15136.2
29114.3 10915.7
26841.4 13188.6
31140.9 8889.06
31002.4 9027.61
28423.4 11606.6
28065.1 11964.9
37687.8 2342.21
30759.6 9270.38
24351.1 15678.9
14393.2 25636.8
25030.9 14999.1
29779.9 10250.1
34487.7 5542.32
21583.2 18446.8
33512 6518.01
23358.7 16671.3
7975.08 32054.9
32191.8 7838.24
29482.3 10547.7
35570.1 4459.91
25205.3 14824.7
35401.4 4628.57
32419.6 7610.44
18645.1 21384.9
34400.8 5629.21
33464 6566.04
28669.9 11360.1
16266.9 23763.1
20982.6 19047.4
8605.07 31424.9
26216.8 13813.2
28939.2 11090.8
14447.2 25582.8
29657 10373
28121.4 11908.6
30621 9409.03
7909.87 32120.1
35870.8 4159.22
18565.8 21464.2
33340.4 6689.65
24620.3 15409.7
35011.1 5018.89
25984.4 14045.6
31262.6 8767.39
21072.1 18957.9
32949.2 7080.78
23666 16364
9763.58 30266.4
16483.9 23546.1
25633.5 14396.5
15861.7 24168.3
23213.8 16816.2
27027.9 13002.1
25856.2 14173.8
29867.2 10162.8
9914.61 30115.4
12515.4 27514.6
35478 4551.99
22813 17217
37708 2321.96
23130.1 16899.9
35759.9 4270.09
31326 8704.04
29620 10410
21069.5 18960.5
18179.2 21850.8
32251.7 7778.3
20182.3 19847.7
10904.9 29125.1
26801 13229
22292.5 17737.5
12897.2 27132.8
33034.8 6995.2
35192.8 4837.21
33389.7 6640.34
31523.9 8506.12
26704.6 13325.4
34119.7 5910.27
18140.8 21889.2
19103.9 20926.1
37039 2991.03
19901.1 20128.9
16997.4 23032.6
6391.5 33638.5
23890 16140
35753.7 4276.32
19988.9 20041.1
18538.6 21491.4
27151.1 12878.9
23214.2 16815.8
9319.78 30710.2
31224.2 8805.8
37309.2 2720.79
29362.6 10667.4
25878 14152
6629.02 33401
28126.2 11903.8
37728.5 2301.47
22697.8 17332.2
32003.1 8026.91
27915.6 12114.4
20520.9 19509.1
28475.1 11554.9
35007.3 5022.72
15409.2 24620.8
35262.4 4767.62
28962.3 11067.7
33845.5 6184.49
35487.1 4542.88
28525.2 11504.8
28099 11931
16949.8 23080.2
37497.4 2532.61
35181.2 4848.85
24515 15515
35564.8 4465.17
14149.3 25880.7
7261.56 32768.4
32785.1 7244.92
34084.8 5945.25
34976.1 5053.92
29743 10287
22313.8 17716.2
26512.4 13517.6
6134.47 33895.5
28254.9 11775.1
35114.7 4915.26
13552 26478
31288 8742.04
37537.1 2492.9
13385.4 26644.6
31705.7 8324.32
9905.27 30124.7
23133.1 16896.9
10932.3 29097.7
24574.4 15455.6
28025.2 12004.8
22828.7 17201.3
25654 14376
32159.1 7870.87
36617.2 3412.82
36721.4 3308.59
12672.9 27357.1
36919.4 3110.6
32215.1 7814.87
27919.4 12110.6
28808.3 11221.7
31084.8 8945.2
27137.4 12892.6
30483.2 9546.77
23064.1 16965.9
22448.6 17581.4
25457 14573
38046.6 1983.42
34922.4 5107.62
36941.9 3088.14
28973.7 11056.3
32847.4 7182.55
30586.1 9443.85
32334.4 7695.62
29600.6 10429.4
25989.1 14040.9
30483.8 9546.19
18790.4 21239.6
36667.1 3362.93
25539.8 14490.2
26548.2 13481.8
15171 24859
9309.79 30720.2
20607 19423
19040.6 20989.4
19559 20471
18551.2 21478.8
28957.2 11072.8
29352.5 10677.5
16329 23701
15392.5 24637.5
21188.2 18841.8
13932.5 26097.5
36543.7 3486.27
17323.3 22706.7
36462.8 3567.22
31156 8874.02
19655.5 20374.5
28905 11125
32206.7 7823.32
31731 8299
30586.6 9443.36
32943.7 7086.29
34394.9 5635.13
36069.1 3960.88
36238.2 3791.85
28066.8 11963.2
10001.4 30028.6
18206.8 21823.2
26860.5 13169.5
32029.7 8000.29
17471.9 22558.1
11344.2 28685.8
29337.1 10692.9
15766.4 24263.6
22611.7 17418.3
33542.3 6487.73
19132.2 20897.8
21232.1 18797.9
33256 6773.99
26237.7 13792.3
28473.2 11556.8
32016.6 8013.41
28479 11551
37677.7 2352.35
28346.9 11683.1
12242.1 27787.9
13809 26221
25691.5 14338.5
19619.1 20410.9
13949.1 26080.9
32062.7 7967.26
16621.3 23408.7
30268.6 9761.41
25659.6 14370.4
32143.7 7886.3
32525.4 7504.58
25390 14640
27403.9 12626.1
27990.1 12039.9
28970.2 11059.8
16703.6 23326.4
20678 19352
34326 5704.01
28019 12011
31245.4 8784.58
30151.3 9878.74
19646.3 20383.7
29632.4 10397.6
31862.7 8167.32
36197.2 3832.77
33050.6 6979.43
13241.6 26788.4
27898.2 12131.8
33151.9 6878.13
36912.7 3117.32
32995.1 7034.86
30579.3 9450.66
23381 16649
18555 21475
31093 8937.02
22282.9 17747.1
9759.5 30270.5
31251.5 8778.53
34051.9 5978.08
35957.3 4072.74
29882.3 10147.7
28402.2 11627.8
28996.4 11033.6
33010.4 7019.58
24667.8 15362.2
37363.7 2666.28
16774.9 23255.1
35108.1 4921.86
36296.7 3733.28
32200 7829.99
34996.9 5033.06
38393.7 1636.32
30748.6 9281.41
20982.3 19047.7
26647.8 13382.2
30296.4 9733.63
10237.5 29792.5
30662.2 9367.82
27556.3 12473.7
29695.8 10334.2
35482.1 4547.86
19279.3 20750.7
34468.6 5561.37
33265.5 6764.5
20414.1 19615.9
25742 14288
34724.3 5305.69
33441.4 6588.58
9101.85 30928.1
21708.8 18321.2
14458.3 25571.7
37043.4 2986.56
16676.2 23353.8
36138.5 3891.52
22060.7 17969.3
25740.4 14289.6
13738.3 26291.7
33666.9 6363.07
17898.1 22131.9
38450.6 1579.43
32209.2 7820.84
31520.2 8509.8
29280.8 10749.2
17299.9 22730.1
30950.7 9079.34
36360 3670.01
19762 20268
16940.2 23089.8
29528.6 10501.4
37527.9 2502.07
33383 6647.01
22692.1 17337.9
32582.4 7447.65
28332.9 11697.1
23359.3 16670.7
35609.5 4420.52
8560.97 31469
31830 8200.04
15845.2 24184.8
21977 18053
28157.8 11872.2
27128.8 12901.2
16981.2 23048.8
34615.1 5414.91
20391.6 19638.4
21520.2 18509.8
26472.5 13557.5
38370.2 1659.85
9053.62 30976.4
26150.2 13879.8
36064.5 3965.49
36974.6 3055.36
33297.7 6732.27
22155.8 17874.2
32832.4 7197.64
34398.8 5631.15
29935.7 10094.3
10864.6 29165.4
18003.4 22026.6
34585.1 5444.94
31234 8796.04
37236.2 2793.76
32226.2 7803.77
24527.9 15502.1
19482.2 20547.8
15021 25009
36671 3359
22857.2 17172.8
34561.7 5468.27
36241.1 3788.87
25613.7 14416.3
16472.7 23557.3
29920.6 10109.4
34293.3 5736.73
27691.8 12338.2
6176.36 33853.6
29734.5 10295.5
33018.3 7011.69
24587.6 15442.4
33282.8 6747.15
7807.81 32222.2
35698.1 4331.89
31644 8385.96
33109.5 6920.45
30853.4 9176.64
24380.2 15649.8
30210.2 9819.81
27475.5 12554.5
37522.3 2507.68
29974.1 10055.9
23918.8 16111.2
26047.4 13982.6
8759.03 31271
31104.7 8925.28
30741 9288.99
30511.1 9518.94
21205.3 18824.7
29941.8 10088.2
34596.5 5433.49
31162.8 8867.22
16940.7 23089.3
34574.7 5455.27
29365.4 10664.6
25680.7 14349.3
34419.4 5610.6
14347.4 25682.6
28969.7 11060.3
27587.6 12442.4
16832.3 23197.7
23846.9 16183.1
25918.8 14111.2
29820.4 10209.6
25640.4 14389.6
29674.5 10355.5
17339.5 22690.5
22940.2 17089.8
29012.1 11017.9
28221.8 11808.2
28643.3 11386.7
33267.4 6762.58
29364 10666
34781.8 5248.15
33143.1 6886.85
17332.8 22697.2
13522.7 26507.3
30202.7 9827.35
29321.8 10708.2
29310.2 10719.8
23809.3 16220.7
30877.3 9152.74
38117.1 1912.87
35402.9 4627.1
16022.9 24007.1
28285 11745
30474.1 9555.86
23496.6 16533.4
12266.7 27763.3
32578.1 7451.87
18428.5 21601.5
34853.9 5176.12
35116.9 4913.15
32063.3 7966.74
33903 6127.05
22920 17110
31908.5 8121.5
30053.7 9976.33
5178.61 34851.4
31301.8 8728.25
30566.7 9463.33
14449.1 25580.9
14659.8 25370.2
26130.8 13899.2
15368.8 24661.2
36406.8 3623.25
13869.1 26160.9
29063.6 10966.4
32767.3 7262.69
29769 10261
36500.5 3529.53
26401.6 13628.4
30685.8 9344.24
12863.2 27166.8
20500.1 19529.9
13477.3 26552.7
20120.9 19909.1
9700.66 30329.3
15791 24239
24293 15737
27309.8 12720.2
35263 4767.02
36068.4 3961.63
17898 22132
36689.2 3340.75
31246.6 8783.42
23211.9 16818.1
22446.8 17583.2
22678.4 17351.6
35181.3 4848.75
14989.7 25040.3
29833.1 10196.9
23183.3 16846.7
35534.6 4495.44
32694.9 7335.13
18710.9 21319.1
20005.5 20024.5
9894.19 30135.8
35410.3 4619.72
26418.9 13611.1
11694.8 28335.2
14181.4 25848.6
10450.6 29579.4
35714.1 4315.92
38587.3 1442.71
12664.8 27365.2
28594.8 11435.2
32752.8 7277.24
38551.5 1478.46
33241.3 6788.67
34177.1 5852.88
21718.5 18311.5
35652.4 4377.58
14398.6 25631.4
31738.9 8291.11
25759.1 14270.9
35167.8 4862.19
21173.7 18856.3
31669.8 8360.22
32035.5 7994.49
16691.5 23338.5
35345.7 4684.34
16509.7 23520.3
30430.7 9599.29
12864.8 27165.2
12313.4 27716.6
25223.4 14806.6
26594.3 13435.7
35747.5 4282.46
35663.7 4366.27
32429.6 7600.4
34177.4 5852.63
33796 6233.96
18826.5 21203.5
13717.4 26312.6
36128.1 3901.86
21635.5 18394.5
31141.7 8888.26
37322.5 2707.53
25598.6 14431.4
26073.9 13956.1
23334.7 16695.3
37260.2 2769.79
26112.9 13917.1
23322.2 16707.8
32793.3 7236.65
10453.5 29576.5
20010.4 20019.6
21459.8 18570.2
30163.4 9866.65
31644.2 8385.77
30209.5 9820.51
20640.4 19389.6
35769.3 4260.65
36030.5 3999.51
24329.8 15700.2
36053.2 3976.83
28367.9 11662.1
33825.5 6204.5
25889.6 14140.4
32373.6 7656.39
29738 10292
17580.5 22449.5
9052.74 30977.3
20691.9 19338.1
21403.2 18626.8
29304.1 10725.9
32223.5 7806.49
35152.7 4877.27
34033 5997
13652.9 26377.1
19311.3 20718.7
8107.42 31922.6
19299.3 20730.7
24630.1 15399.9
5653.32 34376.7
14309.8 25720.2
28800.7 11229.3
29241.3 10788.7
37136.5 2893.54
31543.3 8486.68
35836.2 4193.84
16923.8 23106.2
31214.1 8815.93
30330.4 9699.62
33049.5 6980.45
22169.3 17860.7
27595.7 12434.3
34133.8 5896.19
17407.2 22622.8
23913.3 16116.7
34048.9 5981.05
33096.6 6933.45
17592.6 22437.4
14107.9 25922.1
14803.8 25226.2
13476.2 26553.8
21863.7 18166.3
30619.4 9410.58
25106.7 14923.3
15262.5 24767.5
31413.6 8616.35
34456.4 5573.59
36953.7 3076.26
21783.9 18246.1
36910.7 3119.29
19497.1 20532.9
28529.7 11500.3
16851.9 23178.1
19319 20711
38088.5 1941.53
24868.7 15161.3
26764.6 13265.4
8828.99 31201
28270.1 11759.9
29140.5 10889.5
19991.6 20038.4
12276.8 27753.2
18480.7 21549.3
14597.9 25432.1
34302 5728.04
22940.6 17089.4
33478.9 6551.07
36123.6 3906.44
37553.2 2476.75
34542.5 5487.51
26614.7 13415.3
22594.6 17435.4
27519.4 12510.6
21488 18542
25274.9 14755.1
28386.7 11643.3
37931.9 2098.11
27140.4 12889.6
24296.5 15733.5
15542.5 24487.5
19262.8 20767.2
18672.7 21357.3
37441.8 2588.24
23585.6 16444.4
25870.2 14159.8
32092.8 7937.25
31940.9 8089.09
13302.5 26727.5
16529.1 23500.9
33306.5 6723.46
27787.1 12242.9
11003.8 29026.2
31967.8 8062.19
10610.6 29419.4
28648.6 11381.4
26117.5 13912.5
25345.8 14684.2
33370.1 6659.9
31142.6 8887.38
28225.7 11804.3
20315.2 19714.8
37864.6 2165.42
37544.9 2485.05
16669.9 23360.1
18089.2 21940.8
27079.4 12950.6
16687.1 23342.9
35068.8 4961.23
35403.7 4626.32
26428.5 13601.5
36392.6 3637.37
29877.9 10152.1
10055 29975
24670 15360
32203.2 7826.8
23005.4 17024.6
30190.3 9839.74
11589.5 28440.5
20416.5 19613.5
27973.8 12056.2
13874.8 26155.2
32661.7 7368.28
25655.7 14374.3
6759 33271
38345.8 1684.24
32689 7340.99
15944.2 24085.8
19337.2 20692.8
22233 17797
36356.5 3673.53
25856.1 14173.9
21572 18458
18345.4 21684.6
24800.3 15229.7
26785.5 13244.5
23127 16903
28067.2 11962.8
24663.8 15366.2
33106.9 6923.06
36375.1 3654.85
29065.2 10964.8
23730.7 16299.3
30367.1 9662.93
34043.9 5986.14
15391 24639
27629.7 12400.3
20740.3 19289.7
29298.2 10731.8
32224.5 7805.55
23276.6 16753.4
11116.5 28913.5
36531.8 3498.17
31246.5 8783.49
32925.6 7104.39
20865.7 19164.3
27378.1 12651.9
35528.1 4501.89
36269.7 3760.28
35343.4 4686.58
20333.2 19696.8
34886.6 5143.4
22867.6 17162.4
21631.3 18398.7
30385.2 9644.82
36245.6 3784.43
13654 26376
13772.1 26257.9
16977.3 23052.7
33712.2 6317.78
38489.4 1540.62
20836.4 19193.6
32390.1 7639.94
25597.7 14432.3
14843.4 25186.6
24758.5 15271.5
34850.2 5179.84
35538.9 4491.13
17284 22746
33616.7 6413.26
19741.1 20288.9
13285.2 26744.8
19698.2 20331.8
23911.8 16118.2
29622.4 10407.6
30523.4 9506.62
10692.7 29337.3
35033.2 4996.84
36357.6 3672.42
35899.2 4130.83
35288 4742.01
13408.6 26621.4
36962.3 3067.65
31623 8406.95
36598.9 3431.1
17508.3 22521.7
32143.1 7886.85
32477.5 7552.53
32509.4 7520.59
17825.9 22204.1
12890.5 27139.5
35084.3 4945.73
33070.1 6959.94
22108 17922
19642.1 20387.9
38097.9 1932.11
30754.8 9275.16
35996.6 4033.42
34310 5719.96
29073.3 10956.7
12751.6 27278.4
32634.4 7395.65
21913.5 18116.5
28679.6 11350.4
22329 17701
19515.8 20514.2
27082.7 12947.3
26122.4 13907.6
37719.3 2310.65
31233.5 8796.47
8845.54 31184.5
13719.4 26310.6
35810.5 4219.52
23891.6 16138.4
24718.3 15311.7
19012.9 21017.1
21731.2 18298.8
14671.2 25358.8
22243.4 17786.6
16344.2 23685.8
37833.7 2196.34
25436.7 14593.3
26442.4 13587.6
31467.1 8562.9
29091.1 10938.9
34463.3 5566.71
29699.8 10330.2
33545.6 6484.35
35528 4502.02
32976.2 7053.8
31038.7 8991.29
36509.8 3520.16
20962.2 19067.8
22976.3 17053.7
36829 3201.04
32847.5 7182.51
29874 10156
29442 10588
24097.5 15932.5
28453 11577
30210.9 9819.13
31021.4 9008.65
30394.2 9635.8
29680.9 10349.1
31495.7 8534.25
24494.9 15535.1
24975.1 15054.9
36073.4 3956.63
36454.2 3575.82
28001.5 12028.5
28745.9 11284.1
15826.2 24203.8
32326 7703.97
16166.7 23863.3
24805.3 15224.7
23182.5 16847.5
32194.6 7835.43
22621.7 17408.3
19306.8 20723.2
31207.6 8822.4
36083.5 3946.49
30179.2 9850.85
21402.2 18627.8
35461.7 4568.27
32850.8 7179.23
14306.4 25723.6
34638.2 5391.77
25228.3 14801.7
36363.3 3666.68
27243.4 12786.6
25403.2 14626.8
19696.7 20333.3
22405.3 17624.7
30973 9057.02
13937.1 26092.9
18907 21123
29555.6 10474.4
13922.1 26107.9
12868.4 27161.6
16375 23655
34704.7 5325.3
30960 9069.97
36386.9 3643.14
11107.7 28922.3
36663.4 3366.57
16465.5 23564.5
29995.4 10034.6
34868.2 5161.76
26256.1 13773.9
32315.6 7714.43
16894.4 23135.6
36728.2 3301.81
29322.8 10707.2
34382.3 5647.66
36497.2 3532.8
27489 12541
37120.4 2909.61
25408.5 14621.5
29396.8 10633.2
26455.6 13574.4
12718 27312
16088.5 23941.5
20384.7 19645.3
20608.4 19421.6
34062.9 5967.07
12591.1 27438.9
18355.1 21674.9
14919.4 25110.6
29208.5 10821.5
26786.3 13243.7
13055.5 26974.5
30935.2 9094.83
34409.3 5620.69
25104.8 14925.2
14088.7 25941.3
34952.8 5077.23
24997.9 15032.1
33177.6 6852.39
33528.9 6501.15
37334.4 2695.6
9622.09 30407.9
24558 15472
9384.96 30645
28123.3 11906.7
15398.1 24631.9
28465.6 11564.4
30728.7 9301.26
20990.6 19039.4
36298.5 3731.46
35984.4 4045.64
13477.3 26552.7
26287.3 13742.7
31990.6 8039.37
14956.3 25073.7
28920.2 11109.8
21176.8 18853.2
31854.4 8175.62
35704.8 4325.17
34958.6 5071.38
36498.7 3531.25
34068.1 5961.9
34609.5 5420.48
21801.6 18228.4
37102.5 2927.51
34800.3 5229.7
29640.4 10389.6
21769.6 18260.4
25960.2 14069.8
35249.1 4780.93
36178.3 3851.72
32042.8 7987.22
27874.5 12155.5
13721.7 26308.3
26396.1 13633.9
29354 10676
24612 15418
35536.5 4493.46
19226.3 20803.7
37444.8 2585.17
34109 5921.02
20095.6 19934.4
17418.1 22611.9
27998.5 12031.5
30218.5 9811.54
29348.5 10681.5
28218.8 11811.2
16895.1 23134.9
30912 9118.04
13573.9 26456.1
31320.7 8709.3
10493.3 29536.7
20422.1 19607.9
32378.6 7651.42
17993.3 22036.7
25878.8 14151.2
32570.7 7459.32
29473.4 10556.6
23896.2 16133.8
24704.2 15325.8
29310.4 10719.6
17946.8 22083.2
12931.4 27098.6
28595.7 11434.3
30244.8 9785.24
22460.4 17569.6
29784.7 10245.3
22408.9 17621.1
26890.7 13139.3
36100.3 3929.66
33075 6955.01
35339.6 4690.39
34028.7 6001.29
38357.6 1672.45
31801.2 8228.85
32486.2 7543.83
9395.88 30634.1
27695.4 12334.6
35763.9 4266.08
38170.8 1859.16
25077.7 14952.3
37826.5 2203.46
16162.7 23867.3
33459.5 6570.47
24163.7 15866.3
33936.8 6093.23
10019.8 30010.2
19672.7 20357.3
12801.4 27228.6
32884.5 7145.47
26924.6 13105.4
31265.1 8764.86
24075.9 15954.1
23743.4 16286.6
28140.3 11889.7
37657.4 2372.62
30642.4 9387.65
33721.1 6308.87
13065.9 26964.1
31113.6 8916.37
27894.5 12135.5
16566.9 23463.1
19958.9 20071.1
26189.5 13840.5
23158.4 16871.6
23238.9 16791.1
21879.1 18150.9
25408.1 14621.9
32808 7222.04
30408.5 9621.53
18006.8 22023.2
35567.3 4462.73
26331.9 13698.1
36211.4 3818.56
7077.44 32952.6
32859.6 7170.37
10562 29468
29558.4 10471.6
34560.1 5469.85
24162 15868
23804.5 16225.5
32638.4 7391.64
30882.8 9147.17
34888.5 5141.55
32143.9 7886.07
30957.5 9072.52
35598.6 4431.41
22951.2 17078.8
36673.6 3356.37
31297.2 8732.79
30803.5 9226.54
18669.7 21360.3
34045.4 5984.65
27128.5 12901.5
20666.1 19363.9
12625.9 27404.1
30365.4 9664.58
25844 14186
32005.5 8024.46
37733.7 2296.26
10600.3 29429.7
31561 8469.01
14188.5 25841.5
28131.4 11898.6
23041.8 16988.2
15720.5 24309.5
27912 12118
31275.5 8754.46
37788.2 2241.81
25702.8 14327.2
17082.6 22947.4
34725.9 5304.06
4447.55 35582.4
11919.9 28110.1
28518.6 11511.4
23782.9 16247.1
19676.6 20353.4
30476.9 9553.06
26978.2 13051.8
36126 3904.01
38324.6 1705.43
29644.4 10385.6
24222.5 15807.5
19141.2 20888.8
35767.2 4262.81
33718.3 6311.68
11073.6 28956.4
13057.4 26972.6
32791.5 7238.51
36344.8 3685.2
36371.8 3658.22
38166.8 1863.22
36452 3578.01
25728.8 14301.2
31054.7 8975.26
35800 4230
34531 5498.97
34722 5308.03
17553.1 22476.9
22296.1 17733.9
16496.4 23533.6
25935.4 14094.6
32749.1 7280.88
12875.8 27154.2
29937.7 10092.3
17570.9 22459.1
31088.1 8941.94
37365.4 2664.59
34748.1 5281.9
35751.1 4278.93
19089.2 20940.8
37853.9 2176.05
35282 4747.96
20598 19432
35777.7 4252.29
26839.7 13190.3
30667.5 9362.47
33530.7 6499.27
34789.6 5240.43
23779.5 16250.5
31804.8 8225.2
35224 4805.97
30543.7 9486.34
20906.6 19123.4
22756.5 17273.5
37922.6 2107.4
38145.8 1884.24
11603.1 28426.9
35475.7 4554.31
23493.9 16536.1
28235.5 11794.5
28805.3 11224.7
25851.2 14178.8
33748 6281.98
9792.16 30237.8
25718 14312
16032.2 23997.8
33853.5 6176.47
33585 6445.04
35550.9 4479.08
31623.1 8406.95
23631.6 16398.4
30505.9 9524.1
19919.6 20110.4
37981 2048.98
30003.2 10026.8
22892 17138
33579.2 6450.82
25265.8 14764.2
14138.3 25891.7
35957.9 4072.11
13128.6 26901.4
30357.1 9672.86
22689.4 17340.6
30737.7 9292.3
29677 10353
34373.4 5656.57
32701.8 7328.25
13095.3 26934.7
14198 25832
35447.6 4582.37
29119.2 10910.8
18173.5 21856.5
34605.1 5424.88
30132.4 9897.55
31522 8508
36265.9 3764.09
33337.3 6692.74
28975.6 11054.4
23039.8 16990.2
29954.6 10075.4
33740.1 6289.89
32200.7 7829.34
16923.4 23106.6
37677.9 2352.05
35010.5 5019.48
38472.5 1557.48
9416.61 30613.4
30386.2 9643.84
15451.6 24578.4
19076.9 20953.1
22170.1 17859.9
22270.2 17759.8
36952.4 3077.6
30603.8 9426.18
24759.8 15270.2
28736.8 11293.2
14628.3 25401.7
31426.4 8603.56
27826.3 12203.7
37571.3 2458.72
35179.8 4850.23
36427.3 3602.7
33728.4 6301.56
21272.9 18757.1
29367.9 10662.1
26017 14013
23241.2 16788.8
33522.7 6507.31
33480 6549.98
33348.6 6681.44
32208.2 7821.82
33667.3 6362.73
20078.5 19951.5
15246.5 24783.5
36613.8 3416.25
31263.5 8766.46
30788.2 9241.81
33263.8 6766.16
38229.3 1800.66
17430.8 22599.2
22494.2 17535.8
19364.6 20665.4
25671.7 14358.3
16285.7 23744.3
30952.8 9077.21
31901.8 8128.17
15792.2 24237.8
32818.3 7211.73
19917.6 20112.4
33158.6 6871.35
26564.5 13465.5
35726.5 4303.54
37505.2 2524.84
21332.1 18697.9
22400.5 17629.5
34673.7 5356.27
22565.6 17464.4
35666.3 4363.74
28802.4 11227.6
22000.7 18029.3
24599.7 15430.3
37830.5 2199.45
30120.3 9909.7
32629.3 7400.65
34587.1 5442.85
30942.2 9087.84
36787.8 3242.22
34808 5222.01
31862.7 8167.32
32237.5 7792.53
33038.1 6991.86
24260.6 15769.4
17010.1 23019.9
30618.4 9411.61
18267.6 21762.4
28047.8 11982.2
36430.3 3599.72
24551 15479
21707.9 18322.1
23915 16115
37867.6 2162.37
31168.1 8861.95
18341.2 21688.8
15388.1 24641.9
17292.7 22737.3
23267.1 16762.9
19409.5 20620.5
29769.2 10260.8
34650.3 5379.72
34489.1 5540.91
13780.1 26249.9
9985.3 30044.7
16292.9 23737.1
19300.5 20729.5
6852.17 33177.8
19198.3 20831.7
24581.1 15448.9
15418.6 24611.4
23147 16883
9064.22 30965.8
18142 21888
11527.7 28502.3
38055.7 1974.3
5631.24 34398.8
28902.3 11127.7
26666.5 13363.5
21505.6 18524.4
30977.8 9052.19
24449.4 15580.6
30130.2 9899.85
26917.2 13112.8
33024.4 7005.55
31200.1 8829.9
33855.1 6174.94
8560.75 31469.3
36040.3 3989.72
23228.2 16801.8
36099.2 3930.77
30212.8 9817.24
37081.9 2948.09
29048.5 10981.5
10756.1 29273.9
17723.5 22306.5
14334.7 25695.3
10961.1 29068.9
11007.6 29022.4
24582.2 15447.8
21835.1 18194.9
36428.7 3601.29
14620.2 25409.8
29460.2 10569.8
20612.9 19417.1
34794.8 5235.24
28665.9 11364.1
30098.1 9931.86
31704.2 8325.79
17898.4 22131.6
22818.1 17211.9
20048.9 19981.1
31794 8235.97
15827.9 24202.1
17072 22958
32309 7721
23443 16587
18995 21035
37078.1 2951.92
30804.2 9225.85
22900.2 17129.8
29808.9 10221.1
31010.1 9019.85
22683.5 17346.5
19938 20092
27336.9 12693.1
24564.3 15465.7
23304.1 16725.9
18465.3 21564.7
27114 12916
19682.3 20347.7
16376.7 23653.3
35310.6 4719.44
30337 9692.96
24386.4 15643.6
29730.2 10299.8
37369.5 2660.53
26354.6 13675.4
36914.6 3115.38
23655.3 16374.7
21096 18934
18424.1 21605.9
21760.9 18269.1
26971 13059
26935.6 13094.4
29728.1 10301.9
32971.8 7058.17
19371.6 20658.4
35104.6 4925.44
34265 5764.99
35264.1 4765.94
31729.7 8300.27
25175.4 14854.6
19974.9 20055.1
26097.3 13932.7
37949.7 2080.25
32647.6 7382.4
34577.9 5452.06
31323.5 8706.5
35763.1 4266.92
33220.4 6809.57
23101.4 16928.6
31523.8 8506.18
14008.2 26021.8
28326.8 11703.2
35526.8 4503.19
27137.9 12892.1
9555.86 30474.1
26136.8 13893.2
19750.5 20279.5
15395.8 24634.2
31699.9 8330.14
27096.3 12933.7
14821.3 25208.7
12419.2 27610.8
30954.8 9075.24
35724.6 4305.42
26242.9 13787.1
34256.1 5773.94
23565.3 16464.7
24240.6 15789.4
22409.6 17620.4
36245.4 3784.63
20776.5 19253.5
26524.5 13505.5
24954.3 15075.7
13884.5 26145.5
31257.4 8772.64
33955.2 6074.78
33452.3 6577.72
12083.5 27946.5
32701.5 7328.54
35621.8 4408.17
20179.3 19850.7
37786.9 2243.08
17312.2 22717.8
31253.7 8776.32
29264.5 10765.5
30798.1 9231.88
32156.9 7873.13
33624.2 6405.84
34656.8 5373.17
37021.3 3008.67
12917.7 27112.3
17960.6 22069.4
35645.1 4384.91
9674.07 30355.9
33121.4 6908.57
16000.1 24029.9
38210 1820.02
20896 19134
29462 10568
36077.1 3952.91
36601.3 3428.69
25386.1 14643.9
15326.5 24703.5
31821.9 8208.14
35376.6 4653.41
35375.5 4654.51
18766.4 21263.6
12635.7 27394.3
19065.6 20964.4
12027.6 28002.4
32809 7220.98
7738.35 32291.6
25552.3 14477.7
19409.4 20620.6
14942 25088
27553.4 12476.6
27770.5 12259.5
19441.8 20588.2
25613.4 14416.6
29721.2 10308.8
35995.6 4034.42
31945 8085
33791.8 6238.22
12527.5 27502.5
33649.5 6380.5
36726.4 3303.6
23347.8 16682.2
21660.1 18369.9
15501.4 24528.6
36720.7 3309.26
36976.6 3053.44
36420.8 3609.23
25465.6 14564.4
37798.5 2231.52
20152.4 19877.6
26823.4 13206.6
27050.3 12979.7
32658.8 7371.24
15967.5 24062.5
11196.9 28833.1
27054.1 12975.9
26468 13562
15855.8 24174.2
34628.4 5401.56
20278.5 19751.5
35103.7 4926.27
32900.8 7129.24
35510.8 4519.24
18178.9 21851.1
14480 25550
12088 27942
17587.7 22442.3
11490.2 28539.8
16459.6 23570.4
33743.1 6286.91
24957.1 15072.9
15249.2 24780.8
31847.6 8182.35
16872.7 23157.3
35694.4 4335.56
36823.2 3206.84
16942.8 23087.2
32865.8 7164.24
15167.2 24862.8
16359.4 23670.6
22305.4 17724.6
22837.5 17192.5
35699.2 4330.76
33423 6606.99
32198.1 7831.87
29894.2 10135.8
25261.3 14768.7
16057.7 23972.3
24122 15908
23840.9 16189.1
17833.9 22196.1
10578 29452
36545.2 3484.8
32560.8 7469.15
34657.3 5372.75
20242.4 19787.6
19727.3 20302.7
35292.9 4737.1
18309.4 21720.6
33045.2 6984.77
32197.4 7832.64
29406.3 10623.7
24587.7 15442.3
25741 14289
19287.2 20742.8
34426.5 5603.53
24779.2 15250.8
8713.19 31316.8
32057.8 7972.19
14955.2 25074.8
31069.6 8960.36
35514.9 4515.1
34990.6 5039.4
35358.2 4671.83
34044.1 5985.86
31701.3 8328.7
25219.1 14810.9
36169.4 3860.64
35453.9 4576.14
23457.4 16572.6
35642.2 4387.76
16534.2 23495.8
23390.3 16639.7
16564.7 23465.3
30916.4 9113.6
29711.4 10318.6
30971.6 9058.4
9693.68 30336.3
37035.1 2994.85
8873.14 31156.9
28029.3 12000.7
26492.1 13537.9
32684.3 7345.67
26501.8 13528.2
12141.4 27888.6
27482.2 12547.8
13866.5 26163.5
17347.9 22682.1
35273.8 4756.22
32975.9 7054.14
14659.7 25370.3
32964.5 7065.55
29065.7 10964.3
13090.5 26939.5
26832.3 13197.7
12169 27861
37821.6 2208.37
15536 24494
15795.6 24234.4
27072.1 12957.9
33870.8 6159.23
33156.9 6873.13
22775.6 17254.4
19253.2 20776.8
21511.9 18518.1
27809.9 12220.1
27260.4 12769.6
31673.9 8356.11
35460.8 4569.16
31523.5 8506.53
27885.9 12144.1
23565.7 16464.3
38113.5 1916.47
27082.1 12947.9
26335 13695
34176.2 5853.82
11653.5 28376.5
36306.7 3723.27
37303.8 2726.18
33124.2 6905.81
30515.9 9514.06
31651.5 8378.47
29420.9 10609.1
37271 2759.01
11244.5 28785.5
20541.1 19488.9
35366.7 4663.3
28921.2 11108.8
29775.6 10254.4
34454.7 5575.3
27746.2 12283.8
33527.3 6502.75
33530 6500.02
12666.3 27363.7
34053.6 5976.36
13429 26601
35441.8 4588.24
21090 18940
35394.9 4635.08
35976.9 4053.06
34266.8 5763.25
35822.7 4207.29
35086.9 4943.06
14152.7 25877.3
24315.2 15714.8
37535.4 2494.62
37394.9 2635.11
31975.5 8054.51
36316.5 3713.47
20738.2 19291.8
19240 20790
32160.7 7869.29
18243.5 21786.5
18127.3 21902.7
21519.2 18510.8
22589.6 17440.4
34249.6 5780.39
32023.5 8006.47
28830.5 11199.5
29847 10183
16589.2 23440.8
33030 6999.96
36361.9 3668.05
12055.8 27974.2
29212 10818
8776.12 31253.9
21413.3 18616.7
21329.8 18700.2
23893.2 16136.8
32112.5 7917.51
38004.7 2025.32
29013.1 11016.9
27992 12038
37853.8 2176.23
35671.5 4358.51
20772 19258
25118 14912
24350.2 15679.8
34506.8 5523.22
8602.16 31427.8
11804.9 28225.1
24162.7 15867.3
28637.2 11392.8
27620.1 12409.9
23630.1 16399.9
18037.3 21992.7
13166.6 26863.4
22872.6 17157.4
24685.4 15344.6
26201.7 13828.3
29270.5 10759.5
22213.1 17816.9
32607.5 7422.51
9219.68 30810.3
34280.4 5749.57
29801.7 10228.3
21702.2 18327.8
28151.4 11878.6
33388.2 6641.81
26925.6 13104.4
25847.1 14182.9
28599 11431
33644.5 6385.48
36870.8 3159.16
13222.5 26807.5
27225.5 12804.5
35826.8 4203.24
29431.2 10598.8
37282 2748.01
25715.7 14314.3
34181.8 5848.18
11190.8 28839.2
12801 27229
12847.1 27182.9
20154.5 19875.5
33538.7 6491.29
22530.8 17499.2
34917.1 5112.91
15685 24345
30531.7 9498.3
30367.6 9662.43
30380.8 9649.22
14548.4 25481.6
13892 26138
25477.1 14552.9
30368 9662
9707.99 30322
25113.9 14916.1
35600.3 4429.75
18656 21374
36631.8 3398.21
33741.1 6288.93
31370.1 8659.9
