27853.1 12176.9
32304.7 7725.34
33389.7 6640.28
28936.9 11093.1
29780.6 10249.4
26381.7 13648.3
33831.3 6198.65
32192.3 7837.66
33478.9 6551.1
32534.3 7495.69
29186.5 10843.5
17502.4 22527.6
18566.4 21463.6
33154.9 6875.05
28871.4 11158.6
17065.6 22964.4
28606.6 11423.4
36481.1 3548.87
33258.6 6771.39
34326.6 5703.36
20946.9 19083.1
31513.6 8516.44
21644.6 18385.4
10668 29362
17026.1 23003.9
19213.3 20816.7
37222.2 2807.79
20208 19822
11585.6 28444.4
24520.3 15509.7
35805.5 4224.53
24940.1 15089.9
30556.5 9473.48
23993.9 16036.1
34223.8 5806.2
29195.9 10834.1
38459.5 1570.52
37131.2 2898.76
28301.3 11728.7
35283.8 4746.17
15102.2 24927.8
34724.4 5305.57
22069.5 17960.5
13559.3 26470.7
17381.2 22648.8
27635 12395
33908.5 6121.5
22904.5 17125.5
29421.5 10608.5
19946.6 20083.4
33218.5 6811.51
23877.3 16152.7
27889 12141
22641.3 17388.7
27912.6 12117.4
14008.1 26021.9
30242.3 9787.72
21825.7 18204.3
22835.9 17194.1
16799.5 23230.5
30113.5 9916.51
32164.3 7865.75
25625.3 14404.7
37485.6 2544.43
36923.4 3106.61
32682 7348
24594.2 15435.8
16383.3 23646.7
33313.9 6716.09
36513.3 3516.7
39675.3 354.712
32369.8 7660.16
37140.5 2889.49
20745 19285
30336.6 9693.35
33899.8 6130.22
30692.4 9337.56
31395.1 8634.91
19065.5 20964.5
22694 17336
38683.6 1346.45
33576.1 6453.88
34767.7 5262.29
17218.7 22811.3
21510.2 18519.8
18895.2 21134.8
37758.9 2271.07
30668.7 9361.27
30672.6 9357.38
17619.8 22410.2
14817.8 25212.2
39016.1 1013.93
31282.4 8747.64
28919.1 11110.9
27672.7 12357.3
27047.9 12982.1
35259.4 4770.55
25023.4 15006.6
24304.8 15725.2
35511.5 4518.47
23099.8 16930.2
36926.7 3103.3
39673.8 356.175
22673 17357
33162.5 6867.48
30764.5 9265.46
36628.3 3401.74
28055.3 11974.7
24958.7 15071.3
13239.9 26790.1
22525.3 17504.7
33698.3 6331.7
32150.2 7879.79
37138.3 2891.71
28679 11351
22105.1 17924.9
30192.6 9837.38
25287.1 14742.9
20635.3 19394.7
27631.2 12398.8
26287 13743
17688 22342
14856.4 25173.6
39381.3 648.704
39988 42.0341
23201.9 16828.1
27931.1 12098.9
21705.3 18324.7
25829 14201
20398.2 19631.8
18216.5 21813.5
35502.3 4527.67
24405.7 15624.3
16090.3 23939.7
14769.9 25260.1
37406.1 2623.87
35425.6 4604.37
18573.7 21456.3
30316 9713.98
10246.8 29783.2
17520.7 22509.3
25957.8 14072.2
26210.8 13819.2
26964.7 13065.3
29852.5 10177.5
24271.7 15758.3
33007.4 7022.62
21964.1 18065.9
27828.1 12201.9
39068 961.999
35020.4 5009.6
39970.4 59.6291
39289.2 740.823
31639 8390.96
31616.1 8413.89
17411.2 22618.8
30072.7 9957.31
24940.3 15089.7
29645 10385
27890.5 12139.5
28838.4 11191.6
21040.6 18989.4
27551.9 12478.1
21320.5 18709.5
37563.1 2466.92
15993.9 24036.1
30416.2 9613.85
18134.6 21895.4
9006.31 31023.7
32423 7607.01
39904.2 125.817
34989.1 5040.87
14614.6 25415.4
24352.9 15677.1
23853.2 16176.8
12701.8 27328.2
28350.1 11679.9
32650.9 7379.13
18226.8 21803.2
21209.7 18820.3
37170.2 2859.75
25381.4 14648.6
15681.9 24348.1
12768.2 27261.8
33339.4 6690.63
29745.6 10284.4
28898.8 11131.2
31166.3 8863.7
26903.4 13126.6
33377.8 6652.18
34102.7 5927.33
27041.8 12988.2
26919.1 13110.9
18476.7 21553.3
23587.8 16442.2
21873.8 18156.2
26584.7 13445.3
33322.7 6707.33
23558.1 16471.9
28219.7 11810.3
13972 26058
26824.8 13205.2
23910.6 16119.4
29806.2 10223.8
28632.4 11397.6
38357.9 1672.09
25469.5 14560.5
24898 15132
28062.1 11967.9
31797.9 8232.14
37718.5 2311.49
27710.4 12319.6
36951.2 3078.83
23282.8 16747.2
32705.2 7324.8
26510.3 13519.7
20101.8 19928.2
31543.1 8486.94
34792.7 5237.35
29812.5 10217.5
36047.2 3982.81
13574.3 26455.7
22824.2 17205.8
28437.6 11592.4
38539.9 1490.08
28229.6 11800.4
21484.7 18545.3
25863.1 14166.9
32375.7 7654.28
33276.2 6753.78
24693.9 15336.1
24819 15211
21226 18804
28914.9 11115.1
16379.2 23650.8
32165.2 7864.79
22244.8 17785.2
31300 8729.98
37527.2 2502.84
29138.6 10891.4
28306.2 11723.8
30382 9648.04
21826 18204
34205.9 5824.13
37284.6 2745.44
27139.5 12890.5
35828.7 4201.26
14654.8 25375.2
37755.6 2274.43
39579.3 450.656
24336.9 15693.1
35405.1 4624.88
19199.3 20830.7
25155.8 14874.2
37765.3 2264.69
17009.4 23020.6
10862.9 29167.1
19851.8 20178.2
16179.1 23850.9
30676.6 9353.4
29417.4 10612.6
38798.1 1231.89
28452.2 11577.8
16268.7 23761.3
18805.8 21224.2
21890.2 18139.8
31459.2 8570.82
22183.4 17846.6
18643.6 21386.4
14557.2 25472.8
13775.6 26254.4
24792.9 15237.1
30065.2 9964.85
37375.2 2654.82
31607.1 8422.86
31379.3 8650.66
23170.4 16859.6
33038.4 6991.63
35078.4 4951.6
36794 3235.96
34207.3 5822.7
23370.2 16659.8
31456.4 8573.61
19431.9 20598.1
36460.3 3569.68
31732 8298.02
15594 24436
23450.5 16579.5
14693.4 25336.6
25916.6 14113.4
36673.2 3356.81
14854 25176
16045.4 23984.6
25310.8 14719.2
29686.3 10343.7
33541.6 6488.39
33100.1 6929.86
28254.1 11775.9
9629.52 30400.5
34650.9 5379.12
19824.9 20205.1
34857 5173.01
26249.3 13780.7
7962.81 32067.2
19254.9 20775.1
31631.9 8398.09
36100.5 3929.47
30075.5 9954.46
21088.6 18941.4
23711.5 16318.5
22244.3 17785.7
26991.1 13038.9
22463.8 17566.2
32324.6 7705.35
32704.4 7325.59
29119.7 10910.3
36040.4 3989.56
39985.8 44.2231
14367.1 25662.9
33796 6233.99
13031.9 26998.1
17355.2 22674.8
28132 11898
30351.2 9678.84
28152.4 11877.6
19043 20987
19944.1 20085.9
36778.9 3251.13
35834.7 4195.27
23300.2 16729.8
17343.9 22686.1
35230.6 4799.41
25392.5 14637.5
22407 17623
31070.1 8959.91
9456.1 30573.9
22326.9 17703.1
24573.1 15456.9
25304.9 14725.1
32711 7319.03
26274.1 13755.9
38598.6 1431.35
17187.2 22842.8
20795.6 19234.4
18270.7 21759.3
14945 25085
39496.3 533.716
14205.9 25824.1
31384.7 8645.33
10408.8 29621.2
24715.1 15314.9
14395.7 25634.3
21162.3 18867.7
21882.5 18147.5
33934.9 6095.11
35246.7 4783.29
18304.9 21725.1
30574.7 9455.32
15862.4 24167.6
19878.7 20151.3
36038.2 3991.82
27054.6 12975.4
28821.1 11208.9
18882.9 21147.1
34047.1 5982.9
26547 13483
24226.5 15803.5
20095.5 19934.5
18959.4 21070.6
24600.8 15429.2
24852.3 15177.7
37281.4 2748.64
4237.86 35792.1
31290.8 8739.2
17022.2 23007.8
24975.4 15054.6
39373.6 656.398
26022.3 14007.7
20145 19885
34686.7 5343.31
18195.7 21834.3
29763.5 10266.5
25092.2 14937.8
29677.9 10352.1
23184.7 16845.3
26860.9 13169.1
19341.7 20688.3
21087.9 18942.1
19841 20189
27838.7 12191.3
32170.9 7859.07
20559.6 19470.4
30471 9558.95
12913.1 27116.9
26650.8 13379.2
15839.8 24190.2
23548.4 16481.6
12753.5 27276.5
27248.9 12781.1
19967.3 20062.7
19612.9 20417.1
31424.3 8605.69
31113.1 8916.9
36007.7 4022.25
15879.2 24150.8
36296.8 3733.19
16539.5 23490.5
32159.9 7870.11
23771.9 16258.1
25429.6 14600.4
26632.8 13397.2
39953.4 76.5531
30411.6 9618.45
26351.9 13678.1
18472.8 21557.2
31294.1 8735.9
29992.1 10037.9
36887.8 3142.16
25818.3 14211.7
3970.01 36060
26993.1 13036.9
21195.4 18834.6
14966.2 25063.8
34024.1 6005.95
29087 10943
29116.5 10913.5
31521.9 8508.06
30862.2 9167.83
35100.3 4929.67
20869 19161
34563.2 5466.76
19929.5 20100.5
34360.5 5669.52
36350.9 3679.08
4395.31 35634.7
36382.6 3647.4
27150.3 12879.7
27546.2 12483.8
32240.7 7789.35
20507.3 19522.7
34694.1 5335.85
34580.7 5449.28
20666.6 19363.4
20784.7 19245.3
37716.6 2313.43
35310.6 4719.37
33325.5 6704.49
17655.6 22374.4
29207.2 10822.8
29645 10385
32637.5 7392.52
34946.4 5083.65
32190.7 7839.25
29072.5 10957.5
39422.1 607.854
6077.31 33952.7
36296 3734.01
24050.1 15979.9
28626.1 11403.9
34923.6 5106.35
27067.6 12962.4
36299.4 3730.57
20789.3 19240.7
31951.4 8078.62
21485.5 18544.5
26075.8 13954.2
31628 8401.96
38906.9 1123.14
31909.6 8120.4
19675.4 20354.6
30367.1 9662.93
28549.8 11480.2
36953.9 3076.09
11309.8 28720.2
31475.3 8554.66
28394 11636
35924.2 4105.8
27122.7 12907.3
35867 4162.98
25075.6 14954.4
27124.3 12905.7
30961.7 9068.31
36612.3 3417.74
39443.8 586.185
23485.1 16544.9
33845 6184.99
21181 18849
23366.3 16663.7
38664.4 1365.64
26732.1 13297.9
25087.3 14942.7
35752.9 4277.14
25003.4 15026.6
34636.3 5393.66
31456.2 8573.84
24369.3 15660.7
30336.8 9693.25
26409 13621
27349.7 12680.3
12952.9 27077.1
29385.3 10644.7
30166.9 9863.09
33699.3 6330.74
26918.8 13111.2
34345.7 5684.29
34800.5 5229.51
30798.1 9231.86
38305.2 1724.75
18462.3 21567.7
11298.7 28731.3
28914 11116
25354.5 14675.5
32816.3 7213.71
18338 21692
33004.5 7025.5
30781.8 9248.24
18526.2 21503.8
28401.5 11628.5
32947 7082.96
39554.5 475.463
25883.5 14146.5
35190.9 4839.08
24630.2 15399.8
25075.9 14954.1
31977.2 8052.77
39618.5 411.548
30481.3 9548.72
27974.1 12055.9
34596.1 5433.93
34787.3 5242.68
22153.2 17876.8
18134.5 21895.5
18428 21602
19738.1 20291.9
18003.5 22026.5
34584.7 5445.3
29210.4 10819.6
24434.4 15595.6
28421.7 11608.3
36333.2 3696.79
32469.8 7560.18
35520.9 4509.14
28973.5 11056.5
27574.4 12455.6
25361.6 14668.4
6316.31 33713.7
19892.6 20137.4
34107.3 5922.66
31707 8323.01
36240.9 3789.06
33755.6 6274.38
34271.5 5758.48
18587.9 21442.1
31710.8 8319.25
19538.7 20491.3
34987.6 5042.43
27335 12695
25045.2 14984.8
29997.4 10032.6
33259 6770.96
20450.3 19579.7
18717.2 21312.8
29792.9 10237.1
36706.3 3323.68
4791.65 35238.3
31827.7 8202.27
28266.3 11763.7
25334.1 14695.9
27819.4 12210.6
23331.3 16698.7
27155.5 12874.5
31716.2 8313.82
19950.9 20079.1
31852.1 8177.9
36210.1 3819.94
36180.7 3849.26
32790.4 7239.62
24998 15032
35232.1 4797.86
36365.4 3664.56
37982.1 2047.86
36583.9 3446.08
30322.2 9707.77
26440.8 13589.2
20296.9 19733.1
37787.6 2242.4
36433.2 3596.83
24025.4 16004.6
37064.3 2965.67
17363.9 22666.1
26028.9 14001.1
28921.4 11108.6
18002.9 22027.1
23988.4 16041.6
36661.3 3368.72
12950.6 27079.4
16676 23354
23434.6 16595.4
16376.1 23653.9
28695.2 11334.8
27506.2 12523.8
31210 8820.03
22329.8 17700.2
36314.6 3715.38
26960.8 13069.2
36888.5 3141.55
33223.8 6806.17
32531.4 7498.63
30738.8 9291.17
18327.9 21702.1
24956.1 15073.9
32035.6 7994.41
26887.3 13142.7
33645.8 6384.21
28428.7 11601.3
23308.4 16721.6
18150 21880
17465.2 22564.8
38795.5 1234.51
28118.6 11911.4
25691.6 14338.4
13185 26845
24072.8 15957.2
25359.9 14670.1
15267.9 24762.1
28659.7 11370.3
33364.1 6665.95
19344 20686
35766.1 4263.91
27024.8 13005.2
15155 24875
36762.7 3267.27
34648.8 5381.19
28087 11943
25239.7 14790.3
30019.6 10010.4
19122.3 20907.7
28696.2 11333.8
11927.2 28102.8
28250.9 11779.1
30876 9153.99
16816.9 23213.1
34366.6 5663.45
7437.84 32592.2
27814.7 12215.3
29686.2 10343.8
33041.1 6988.93
27960.8 12069.2
28232.7 11797.3
11942.5 28087.5
39830 200.004
38621.9 1408.1
31542.5 8487.5
26308.2 13721.8
24234.7 15795.3
38884.2 1145.82
35498.5 4531.54
14401.5 25628.5
29470.3 10559.7
26420.4 13609.6
14200.5 25829.5
30961.3 9068.7
15976.6 24053.4
37157.9 2872.12
35861.6 4168.45
14896.1 25133.9
24143.6 15886.4
34949 5081.03
17069.5 22960.5
33845.1 6184.87
36271.7 3758.27
33310.3 6719.72
28491.4 11538.6
24720.3 15309.7
29899.4 10130.6
27149.7 12880.3
38295.6 1734.4
12748.3 27281.7
6591.77 33438.2
31719 8310.98
19957.6 20072.4
30785.3 9244.69
23403.3 16626.7
15828.8 24201.2
27670.1 12359.9
26161.6 13868.4
25422.2 14607.8
37274.6 2755.39
34766.8 5263.17
10702 29328
21287.4 18742.6
18852.6 21177.4
26002.2 14027.8
27054.5 12975.5
26225.1 13804.9
13295.3 26734.7
16321.4 23708.6
37860.4 2169.6
38227.3 1802.71
32859 7171
12019.5 28010.5
28072.1 11957.9
21380.1 18649.9
9068.04 30962
22015.2 18014.8
35952.6 4077.43
30808.6 9221.36
30041.8 9988.18
30790.5 9239.48
36004.5 4025.51
33634.6 6395.4
15380.4 24649.6
21831.5 18198.5
31616 8414.02
29710.6 10319.4
29987.9 10042.1
19177 20853
39123.8 906.211
32682.6 7347.41
24407.7 15622.3
26604.7 13425.3
23031.7 16998.3
24456.3 15573.7
35527.4 4502.6
19867.7 20162.3
32385.5 7644.54
27592.5 12437.5
29739 10291
26921.4 13108.6
24408.2 15621.8
26251.1 13778.9
30371.2 9658.79
7644.01 32386
32566.6 7463.4
7824.8 32205.2
30078.1 9951.91
24302 15728
31285.1 8744.88
33775.1 6254.94
20986.4 19043.6
33270.8 6759.2
21748.4 18281.6
33039.3 6990.73
30397 9633
35859.5 4170.54
20755.6 19274.4
21065.7 18964.3
20104.4 19925.6
15553 24477
30462.9 9567.07
29270.4 10759.6
30100.3 9929.68
31665.3 8364.74
18196.3 21833.7
25820.2 14209.8
38605.2 1424.84
35747 4283.04
34783.5 5246.51
16387.7 23642.3
34674.4 5355.61
28341.1 11688.9
21361.8 18668.2
26740.4 13289.6
39745.6 284.365
31403.9 8626.1
31030.4 8999.56
33832.5 6197.45
20148.8 19881.2
26112.2 13917.8
10376.3 29653.7
32728.4 7301.61
22423.2 17606.8
32909.6 7120.38
23848.4 16181.6
35365.7 4664.26
31471.6 8558.41
30808.5 9221.47
31170.5 8859.53
31819.4 8210.55
24909.8 15120.2
14028.5 26001.5
33576 6454.02
30765.2 9264.79
27955.9 12074.1
25618.3 14411.7
23958 16072
28743.2 11286.8
23844.9 16185.1
33599.4 6430.6
32401 7629.04
32336.2 7693.82
34661.9 5368.08
24232.1 15797.9
28050.8 11979.2
5504.22 34525.8
38413 1617.01
13892.3 26137.7
32374.1 7655.87
21774.6 18255.4
30573 9457.05
35256.9 4773.11
38225.8 1804.25
18718.4 21311.6
30071.6 9958.4
29523.3 10506.7
36840.7 3189.34
21267.9 18762.1
33449.9 6580.09
31535 8494.98
32327.4 7702.65
27650.6 12379.4
27522.6 12507.4
33935.9 6094.13
30531.7 9498.31
31729.5 8300.51
30384.1 9645.86
23298.2 16731.8
34125.5 5904.48
13238.7 26791.3
21388.9 18641.1
18600.7 21429.3
29362.5 10667.5
17044.3 22985.7
27741.9 12288.1
27981.9 12048.1
27860.3 12169.7
25878.5 14151.5
15801 24229
34076.9 5953.14
35728.9 4301.08
37852.4 2177.56
4467.91 35562.1
25307.8 14722.2
36920.5 3109.46
22945.5 17084.5
37169.6 2860.43
21286.3 18743.7
31430.8 8599.25
31980 8049.97
26502.4 13527.6
34824.9 5205.1
22586.6 17443.4
16163.3 23866.7
19333.1 20696.9
22104.6 17925.4
39222.3 807.733
38117.6 1912.4
25368.3 14661.7
38063.1 1966.94
25948.6 14081.4
36848.8 3181.24
19631.6 20398.4
25252 14778
18272.1 21757.9
34487.8 5542.17
25397.2 14632.8
7226.48 32803.5
33844.2 6185.79
34022.1 6007.87
29379.7 10650.3
34397 5633.02
38363.5 1666.51
30438.2 9591.84
27716.1 12313.9
26328.6 13701.4
21622.4 18407.6
37924.1 2105.9
31760.5 8269.51
29582.8 10447.2
39318.1 711.896
38614.7 1415.3
24858.9 15171.1
30225.2 9804.76
34214.4 5815.59
26623.9 13406.1
35886 4143.98
28717.3 11312.7
21684.3 18345.7
31352.5 8677.54
11183.4 28846.6
37897.1 2132.93
27488 12542
36989.2 3040.84
27993.2 12036.8
33480.6 6549.44
27413.1 12616.9
29322.5 10707.5
31070.7 8959.3
35634.5 4395.46
30244.4 9785.56
27427.4 12602.6
13274.1 26755.9
35235.9 4794.06
32861 7168.95
20068.6 19961.4
30482.6 9547.41
17842.1 22187.9
27238.7 12791.3
39869.7 160.278
28867.1 11162.9
32177.5 7852.49
36110.9 3919.15
24898.9 15131.1
30264.9 9765.08
9440.63 30589.4
31135.1 8894.93
24326.8 15703.2
35117.9 4912.11
29457 10573
23874.8 16155.2
34706.1 5323.92
23665.8 16364.2
36523.2 3506.84
28166.5 11863.5
28268.5 11761.5
29733.1 10296.9
24603.5 15426.5
21899.2 18130.8
28815.2 11214.8
19700.7 20329.3
27315.3 12714.7
38778.8 1251.21
34835.4 5194.57
22806 17224
38047.3 1982.74
32356.1 7673.9
32442.6 7587.36
39490 540.003
29810.5 10219.5
30933.1 9096.94
35330.1 4699.9
14875.2 25154.8
25310.4 14719.6
14466.3 25563.7
22044.1 17985.9
36503 3526.97
34290.3 5739.74
22109.4 17920.6
29540.4 10489.6
28799.9 11230.1
35215.4 4814.55
33413.7 6616.25
36512.1 3517.93
22163.1 17866.9
30947.7 9082.34
27925.4 12104.6
29196.8 10833.2
30316.3 9713.68
32899.2 7130.76
39289.8 740.174
35839.2 4190.8
34537.4 5492.61
21314.3 18715.7
35753.7 4276.25
33004.7 7025.31
28571.9 11458.1
36137.2 3892.77
25138.9 14891.1
21709.8 18320.2
27646 12384
38007.1 2022.88
32756.4 7273.62
31363.6 8666.45
28884.6 11145.4
34726.8 5303.23
20548 19482
35212.4 4817.57
34549.1 5480.86
34015.6 6014.35
22354.1 17675.9
31106.8 8923.24
25242.9 14787.1
25088.9 14941.1
39748.4 281.636
39600 429.954
6573.49 33456.5
22321.9 17708.1
31808 8221.99
19639.6 20390.4
26793.5 13236.5
26834.7 13195.3
20264.2 19765.8
37056 2974.05
35097.3 4932.68
24328.9 15701.1
24740.2 15289.8
19572.2 20457.8
31580.4 8449.59
32078.8 7951.21
33386.9 6643.1
29760.2 10269.8
27032.2 12997.8
18972.4 21057.6
37339.6 2690.41
30567.1 9462.95
23060.5 16969.5
35414.2 4615.78
30751.1 9278.88
27135.2 12894.8
24875.3 15154.7
22961.7 17068.3
37445 2584.95
34786.1 5243.95
32326.3 7703.72
33296.8 6733.18
23781.8 16248.2
25615.5 14414.5
20038.9 19991.1
28333.7 11696.3
28856.6 11173.4
32538.1 7491.87
34090.6 5939.37
35016.2 5013.76
22545.6 17484.4
32589.3 7440.74
33728 6302.02
33201.7 6828.27
28745.1 11284.9
33814.2 6215.81
30030.9 9999.12
22841.2 17188.8
38149.7 1880.27
23575.8 16454.2
39243.9 786.068
33237 6793.03
31388.4 8641.59
33028 7001.96
28472.3 11557.7
19226.8 20803.2
36591.4 3438.57
27283.4 12746.6
35780.8 4249.17
19401.7 20628.3
19001.9 21028.1
34835 5195.05
23673.7 16356.3
17657.6 22372.4
25813.4 14216.6
12374.4 27655.6
23824 16206
29572 10458
36887.1 3142.91
13086.7 26943.3
24758.4 15271.6
24923.6 15106.4
24693.5 15336.5
23024.5 17005.5
32566.7 7463.29
14350.1 25679.9
36430.5 3599.51
28156 11874
33369.8 6660.19
8029.32 32000.7
25744.5 14285.5
16333.4 23696.6
26639.3 13390.7
29799 10231
14817.2 25212.8
26654.2 13375.8
36674.4 3355.65
27831.8 12198.2
25501.4 14528.6
31758.7 8271.33
21734.5 18295.5
25809.6 14220.4
32983.2 7046.79
28798.2 11231.8
28767.4 11262.6
29322.9 10707.1
28299.1 11730.9
27565.4 12464.6
18169.9 21860.1
9300.22 30729.8
27609.7 12420.3
33697.1 6332.91
34246.7 5783.31
27258.8 12771.2
19595 20435
34557.8 5472.22
38124.1 1905.89
12308 27722
32808.2 7221.82
22811.7 17218.3
21201.3 18828.7
37529.1 2500.9
30348.9 9681.14
34840.9 5189.12
34797 5233.04
32749.9 7280.15
19338.2 20691.8
16857.3 23172.7
17035.8 22994.2
32663.7 7366.26
32381.9 7648.07
23210.4 16819.6
30323.4 9706.59
14728 25302
33148.4 6881.59
24542.2 15487.8
23402.9 16627.1
20444.2 19585.8
24799.1 15230.9
36917.6 3112.4
17312.9 22717.1
36414 3615.98
11043.9 28986.1
23643.3 16386.7
37049.4 2980.55
37585.1 2444.89
25737.8 14292.2
35272.9 4757.05
31160.7 8869.25
21291.3 18738.7
24262.5 15767.5
16456.8 23573.2
21798.2 18231.8
28579 11451
21582.8 18447.2
20633.7 19396.3
36792.7 3237.29
20889.9 19140.1
20201.4 19828.6
34540.2 5489.82
10728.2 29301.8
39756 274.036
16063 23967
25177.5 14852.5
22692.2 17337.8
31284.9 8745.14
30075.2 9954.76
27570.5 12459.5
19437.8 20592.2
26478.2 13551.8
25775.5 14254.5
27234.9 12795.1
34953.7 5076.25
17117.5 22912.5
27712 12318
29542.5 10487.5
33185.1 6844.88
13850.1 26179.9
14502.2 25527.8
32392 7637.97
26520 13510
34461.4 5568.64
21292.5 18737.5
22654.3 17375.7
17957.3 22072.7
35652.9 4377.12
32837.9 7192.08
35083.6 4946.4
32376.2 7653.78
21623.7 18406.3
26471.4 13558.6
36055.4 3974.62
39107.6 922.4
38681.7 1348.31
25107.2 14922.8
25710.1 14319.9
19459.5 20570.5
7838.85 32191.2
23469.6 16560.4
21537.4 18492.6
16780.5 23249.5
31331.7 8698.29
21467.9 18562.1
24477.6 15552.4
21130.3 18899.7
14632 25398
21917.7 18112.3
5818.27 34211.7
29562.4 10467.6
27210.6 12819.4
31875.9 8154.11
22624.3 17405.7
30840.2 9189.75
27124 12906
30318.4 9711.6
21928.9 18101.1
26420.4 13609.6
18647.1 21382.9
33121 6909.02
27601.8 12428.2
33774.8 6255.21
22930.4 17099.6
16636.1 23393.9
28038.5 11991.5
34023.2 6006.84
28739 11291
35241 4789.03
36443.8 3586.16
36071.2 3958.82
17111 22919
19910.5 20119.5
13945.2 26084.8
20460.3 19569.7
15288.5 24741.5
25466.2 14563.8
29613 10417
31297.6 8732.41
12644.4 27385.6
16591.1 23438.9
34332.5 5697.46
29526.8 10503.2
20972.1 19057.9
25847.5 14182.5
9866.51 30163.5
33398.5 6631.55
36047.9 3982.1
22809.5 17220.5
24456.9 15573.1
25819.4 14210.6
32905.4 7124.63
30065.4 9964.58
25036.5 14993.5
26705.2 13324.8
15358.3 24671.7
8917.51 31112.5
22885.3 17144.7
27306.8 12723.2
24613.4 15416.6
13640 26390
35896.1 4133.94
21833.3 18196.7
36700.5 3329.49
30911.9 9118.14
31837 8193.05
10078.7 29951.3
21672 18358
22381.7 17648.3
16277.4 23752.6
36764.2 3265.81
21164.4 18865.6
24223.8 15806.2
36994.3 3035.73
35115.6 4914.44
28484.2 11545.8
26398.6 13631.4
26275.9 13754.1
17879.3 22150.7
37926.6 2103.37
35564.5 4465.53
30039.2 9990.82
27778.1 12251.9
28786.1 11243.9
8682.34 31347.7
35035.7 4994.29
26168.9 13861.1
17120.1 22909.9
19182.2 20847.8
17780.3 22249.7
15105.4 24924.6
32794.1 7235.94
25749.6 14280.4
11997.3 28032.7
23633.9 16396.1
29485.3 10544.7
26030.3 13999.7
27727.1 12302.9
31712 8318
23419.5 16610.5
27275.4 12754.6
35698.8 4331.21
35289.5 4740.49
32213.4 7816.56
27630.8 12399.2
24887 15143
30137.5 9892.5
39276.6 753.404
25188.9 14841.1
21286.4 18743.6
20345.6 19684.4
17613.3 22416.7
31620.6 8409.43
20781.5 19248.5
20202.8 19827.2
18161.5 21868.5
31533.1 8496.93
19268.7 20761.3
19290.4 20739.6
23551.1 16478.9
25965.3 14064.7
13070.3 26959.7
18395 21635
30855.4 9174.55
24351.5 15678.5
15718.2 24311.8
30374.6 9655.36
36716.3 3313.74
16935.7 23094.3
25802.5 14227.5
38834.5 1195.53
10791 29239
30310.7 9719.31
31056 8973.99
30919.6 9110.41
28450 11580
30068.8 9961.22
24967.5 15062.5
33049 6981
18706.5 21323.5
12250.5 27779.5
28822.4 11207.6
32327.5 7702.46
27929.5 12100.5
18916 21114
17038.3 22991.7
15160 24870
38169.1 1860.88
32457.7 7572.27
26813.1 13216.9
23942.1 16087.9
5965.13 34064.9
13993 26037
14136.2 25893.8
32590.4 7439.62
34851.5 5178.5
32932.5 7097.51
21490.6 18539.4
24998.2 15031.8
37404.7 2625.35
35547.8 4482.21
20903.5 19126.5
28624.9 11405.1
31383.7 8646.31
32581.4 7448.61
32972.6 7057.38
38930.2 1099.82
15673.4 24356.6
27198.4 12831.6
24917 15113
16530.6 23499.4
24845.1 15184.9
12831.3 27198.7
15846.5 24183.5
20405.4 19624.6
34260.9 5769.14
35703.1 4326.9
32810.3 7219.68
30863.6 9166.43
27581.5 12448.5
16377.8 23652.2
34813.9 5216.14
32269.5 7760.49
21758.2 18271.8
16574.9 23455.1
18824.7 21205.3
19320.6 20709.4
32181.6 7848.37
33646.8 6383.19
32835.1 7194.91
38311.1 1718.86
34742.2 5287.84
31117.5 8912.54
33939.5 6090.46
39165.4 864.618
5360.09 34669.9
38052.9 1977.06
34774.3 5255.67
35976.2 4053.84
21374.9 18655.1
36969.7 3060.25
38213 1817.01
29441.5 10588.5
34764.8 5265.23
32933.6 7096.43
29396.4 10633.6
29335 10695
15256.2 24773.8
37380.2 2649.81
36236.4 3793.57
21403.8 18626.2
31182.2 8847.85
23478.5 16551.5
32011.4 8018.63
30505.2 9524.83
23074.3 16955.7
39287.9 742.07
28174.4 11855.6
37827.2 2202.81
36798.5 3231.48
24549.4 15480.6
17385.3 22644.7
6237.81 33792.2
13569.6 26460.4
25997.7 14032.3
36997.7 3032.3
14155.5 25874.5
32274.3 7755.71
39130.4 899.566
20630.8 19399.2
31520.9 8509.12
31380.7 8649.27
22497.9 17532.1
39802.1 227.868
35852 4177.99
14845.5 25184.5
33088.9 6941.12
39589.7 440.305
24381.6 15648.4
36219.8 3810.18
25370 14660
26587.1 13442.9
27608.9 12421.1
31414.3 8615.68
15310.6 24719.4
30936.9 9093.15
21838.3 18191.7
26572 13458
33636.7 6393.28
21491.2 18538.8
25978.8 14051.2
30724.4 9305.6
26652.4 13377.6
28029.4 12000.6
29939.9 10090.1
9531.72 30498.3
18798.4 21231.6
29943.1 10086.9
32563.7 7466.32
38142.7 1887.31
28721.5 11308.5
30852.9 9177.12
20085 19945
36268 3761.97
25375.5 14654.5
26191.5 13838.5
32473.2 7556.77
35876.4 4153.6
24892.1 15137.9
18222 21808
34451.7 5578.31
19427 20603
32119.3 7910.66
27586.1 12443.9
11304.6 28725.4
33260.8 6769.25
22712.1 17317.9
22961.2 17068.8
31940.6 8089.36
35473.4 4556.62
25759.5 14270.5
16660.2 23369.8
36003 4027.02
17788.7 22241.3
17976.7 22053.3
30739.8 9290.22
22763.2 17266.8
23833.2 16196.8
18935.8 21094.2
37502.4 2527.64
36632.2 3397.82
37353.2 2676.84
9907.98 30122
39644.5 385.498
22954.5 17075.5
24224.2 15805.8
32912.7 7117.29
20787 19243
18269.5 21760.5
39790.4 239.602
34481.3 5548.71
32282.5 7747.53
37150 2879.97
16038.4 23991.6
29559.1 10470.9
18098.5 21931.5
29297.6 10732.4
38333.4 1696.65
27665.5 12364.5
28026 12004
10888.7 29141.3
24159.5 15870.5
37695.8 2334.21
28022.4 12007.6
15141.6 24888.4
26727.9 13302.1
23552.4 16477.6
34368 5661.96
21067.1 18962.9
30714.8 9315.22
28118.3 11911.7
33614.1 6415.92
3515.13 36514.9
12798.6 27231.4
23847.3 16182.7
23030.3 16999.7
19713.3 20316.7
28941.8 11088.2
12710.1 27319.9
17006.3 23023.7
34238.8 5791.21
35020 5010.01
30563.8 9466.21
39166.3 863.723
17911.8 22118.2
25636.6 14393.4
26590.3 13439.7
10307.6 29722.4
30618.9 9411.13
27241 12789
36217.4 3812.61
10576.2 29453.8
32216.4 7813.6
35762 4268.02
26963.6 13066.4
16812.5 23217.5
33028.9 7001.1
9562.8 30467.2
34027.4 6002.6
25462.2 14567.8
25617.2 14412.8
35400.1 4629.89
34386.4 5643.59
16608.6 23421.4
24034.4 15995.6
13704.1 26325.9
17062.6 22967.4
14404.1 25625.9
19167 20863
34684.4 5345.6
23988.7 16041.3
33404.8 6625.18
25072 14958
15627.3 24402.7
32445.8 7584.24
37476.1 2553.86
21989 18041
16120.3 23909.7
22919.9 17110.1
24213.3 15816.7
28465.4 11564.6
33880.9 6149.09
39169.6 860.39
34809.7 5220.31
33581.7 6448.33
32455.3 7574.68
31718.4 8311.62
27899.9 12130.1
21234.9 18795.1
8700.21 31329.8
37250.2 2779.83
38628.3 1401.7
23042.8 16987.2
21558.6 18471.4
32188.7 7841.25
23645.9 16384.1
13140.7 26889.3
32319.9 7710.14
14647.7 25382.3
27298.2 12731.8
26516.1 13513.9
11002.1 29027.9
32997.1 7032.92
33906.2 6123.78
15575.1 24454.9
12376.8 27653.2
30811.4 9218.61
29441.7 10588.3
32779.1 7250.86
34240.1 5789.92
15055.9 24974.1
24861.8 15168.2
25367.3 14662.7
27277.5 12752.5
29139.1 10890.9
24130.3 15899.7
26412.7 13617.3
24122.5 15907.5
21940.3 18089.7
9246.29 30783.7
36686.6 3343.4
17344.7 22685.3
14515.3 25514.7
28206.2 11823.8
33002.2 7027.77
35525.9 4504.13
28220.1 11809.9
32169.8 7860.16
21178.3 18851.7
19903.5 20126.5
35214.5 4815.54
27608.9 12421.1
16459.6 23570.4
23932.5 16097.5
16310.7 23719.3
32863.9 7166.11
34154.4 5875.59
26857.2 13172.8
30951.4 9078.59
34768.8 5261.21
30940.8 9089.2
12588.2 27441.8
27501.2 12528.8
28849.9 11180.1
18019.9 22010.1
28664.6 11365.4
32578.9 7451.14
35047.9 4982.11
32240.7 7789.28
38677.9 1352.06
39376.4 653.575
20815 19215
33688.2 6341.75
38900.2 1129.76
35119.1 4910.93
39544.1 485.855
26291.7 13738.3
23945.1 16084.9
20810.1 19219.9
31376.9 8653.12
17703.1 22326.9
27345.6 12684.4
25155.5 14874.5
23956.5 16073.5
26531 13499
35971.4 4058.6
17291.2 22738.8
19457.8 20572.2
9969.77 30060.2
26428 13602
28731.6 11298.4
21173.3 18856.7
37132.5 2897.54
9867.18 30162.8
32965.3 7064.72
18552.8 21477.2
30391.4 9638.64
15964.5 24065.5
8222.45 31807.6
28422.1 11607.9
37554.7 2475.28
21674.5 18355.5
20975 19055
21492.8 18537.2
10433.1 29596.9
36801.1 3228.94
26369.3 13660.7
36811.4 3218.64
11642.5 28387.5
20826.5 19203.5
28367.7 11662.3
25894.3 14135.7
31808 8222
37688.5 2341.49
37389.8 2640.17
32828 7201.96
28994.4 11035.6
13450 26580
25570.9 14459.1
18748.6 21281.4
39930.1 99.8682
33960.8 6069.18
17459.5 22570.5
19424.6 20605.4
24378.5 15651.5
30027.8 10002.2
30955.1 9074.85
15708.9 24321.1
33116.2 6913.8
5570.84 34459.2
30477.6 9552.39
22239 17791
16059.9 23970.1
25637.7 14392.3
29614.1 10415.9
28281.4 11748.6
39863 167.04
27052.2 12977.8
18827.2 21202.8
17897.3 22132.7
26227.7 13802.3
34430.9 5599.11
36520.5 3509.5
29105.9 10924.1
22043.1 17986.9
30333.4 9696.61
29726 10304
25028.3 15001.7
12464.7 27565.3
25124.6 14905.4
30819.8 9210.24
24321.5 15708.5
24886.7 15143.3
37299.6 2730.45
20829.1 19200.9
27918.6 12111.4
14197.8 25832.2
38163.9 1866.13
25584.9 14445.1
13898.5 26131.5
27452.4 12577.6
26273.1 13756.9
27928.6 12101.4
19223 20807
33073.7 6956.27
18050.9 21979.1
33724 6305.97
22837.1 17192.9
25357 14673
18753.6 21276.4
30451.2 9578.83
19402.1 20627.9
34088.2 5941.79
28145.7 11884.3
38530.3 1499.71
18185.2 21844.8
34639.1 5390.92
29395.3 10634.7
28766 11264
23355.9 16674.1
38451.3 1578.65
25115.9 14914.1
21721.3 18308.7
36994.4 3035.58
23592.4 16437.6
21110.3 18919.7
19559.7 20470.3
33175.5 6854.51
28057.7 11972.3
30181.3 9848.74
24155.9 15874.1
29682.6 10347.4
39795.5 234.464
23039.2 16990.8
27865 12165
36044.5 3985.51
17502.2 22527.8
28635.3 11394.7
31677.6 8352.42
22136.3 17893.7
27415.2 12614.8
33402 6628.04
38245.3 1784.75
29800.4 10229.6
19208.6 20821.4
26084.1 13945.9
15694.5 24335.5
32897.9 7132.09
14861.6 25168.4
30656.8 9373.21
30118.4 9911.58
28756.6 11273.4
25698.7 14331.3
31337.7 8692.31
38795.7 1234.3
37208.8 2821.15
34786.9 5243.08
39992.9 37.1303
15425.5 24604.5
20203.4 19826.6
31188.7 8841.34
33011.2 7018.8
23244.9 16785.1
13476.9 26553.1
21415 18615
25906.3 14123.7
32378.4 7651.62
17340.5 22689.5
23557 16473
23334.3 16695.7
35402.3 4627.73
13663.3 26366.7
29856.3 10173.7
27386.7 12643.3
30682.4 9347.62
23837 16193
33961.2 6068.78
22220 17810
29950.6 10079.4
18675.7 21354.3
27623.1 12406.9
29491.5 10538.5
34042.2 5987.77
15294.1 24735.9
22271.5 17758.5
24035.8 15994.2
35704.2 4325.75
26690.2 13339.8
28806.6 11223.4
22753.3 17276.7
38380 1649.96
30460.1 9569.88
31668.2 8361.84
31778.9 8251.1
33059.8 6970.24
38571 1458.95
32465.7 7564.35
34212.6 5817.37
25708 14322
17684.7 22345.3
23937.9 16092.1
34491.3 5538.69
22301.5 17728.5
38324.2 1705.84
16219.4 23810.6
8147 31883
34233.9 5796.12
26279.4 13750.6
24168.6 15861.4
28547.2 11482.8
30588.7 9441.26
26209.3 13820.7
35489.2 4540.84
22805.6 17224.4
32574.7 7455.31
38300 1730.02
27472.5 12557.5
21390.4 18639.6
17087 22943
14514.8 25515.2
33458.6 6571.38
29639.2 10390.8
34498.6 5531.4
33339.2 6690.79
26412.8 13617.2
37901.9 2128.08
19241.5 20788.5
25558.5 14471.5
19816.9 20213.1
10229.5 29800.5
24808.1 15221.9
15704.2 24325.8
20228.3 19801.7
38415.7 1614.27
37213.5 2816.47
22207.6 17822.4
15777 24253
34608.3 5421.71
30682.8 9347.17
18905.7 21124.3
22168.2 17861.8
9768.21 30261.8
31327 8703.02
21279.7 18750.3
24315.1 15714.9
23667.6 16362.4
28363.7 11666.3
38736.3 1293.7
38125.7 1904.3
35260.2 4769.82
25706.3 14323.7
36700.8 3329.18
17030.2 22999.8
24614.1 15415.9
28462.1 11567.9
24389 15641
39657.2 372.769
31912.7 8117.29
35983.4 4046.63
9551.53 30478.5
25528.7 14501.3
25447.4 14582.6
18109.4 21920.6
23510.4 16519.6
26284.2 13745.8
34703.6 5326.41
30968 9062.04
33917.5 6112.53
28499.1 11530.9
38477.7 1552.31
21230.8 18799.2
36939.2 3090.84
15450.4 24579.6
31613.3 8416.71
30959 9071.01
17379.8 22650.2
29167.4 10862.6
24810.7 15219.3
34435.2 5594.84
24316.7 15713.3
24573.4 15456.6
22869.8 17160.2
39686.9 343.066
15114.7 24915.3
24424.4 15605.6
34519 5511.02
35936 4093.99
25225 14805
37257.3 2772.73
11304.9 28725.1
28508.9 11521.1
30333.6 9696.44
22418.2 17611.8
24150.1 15879.9
17788.8 22241.2
25075.1 14954.9
37780 2249.96
20522.6 19507.4
28034.9 11995.1
26593.4 13436.6
31804.2 8225.76
23382.4 16647.6
27795.3 12234.7
25802.7 14227.3
26345.7 13684.3
14123.6 25906.4
18525.8 21504.2
15530.2 24499.8
28157.1 11872.9
38424.8 1605.16
33541.8 6488.21
29789.2 10240.8
23821 16209
31969.1 8060.89
35497.4 4532.62
27527.5 12502.5
25188.2 14841.8
7960.86 32069.1
29269.9 10760.1
33128.7 6901.31
25421.9 14608.1
13080.9 26949.1
31695.5 8334.52
21600.4 18429.6
24659.8 15370.2
30054.8 9975.2
26799.6 13230.4
28387.8 11642.2
20783.4 19246.6
32148 7882
23137.6 16892.4
30451.8 9578.23
22170.2 17859.8
26804.7 13225.3
13867 26163
37454.5 2575.53
12371.5 27658.5
29730.1 10299.9
15715.2 24314.8
18113 21917
30820.8 9209.19
34420 5610
32800.2 7229.84
27857.8 12172.2
24904.9 15125.1
28101.3 11928.7
33148.9 6881.07
37151.2 2878.85
35908.7 4121.3
21855.7 18174.3
25159.6 14870.4
33941.9 6088.1
29240.6 10789.4
30873.9 9156.1
8265.44 31764.6
34815.8 5214.15
31625.5 8404.48
34040.4 5989.62
21519.2 18510.8
18755.7 21274.3
34547.1 5482.86
21715.2 18314.8
26276.8 13753.2
20626.2 19403.8
27665 12365
29829.8 10200.2
31808.2 8221.85
29109 10921
32923.5 7106.5
31551.9 8478.14
28375.2 11654.8
23918.9 16111.1
15587.7 24442.3
21264 18766
24307.5 15722.5
14034.9 25995.1
26767.6 13262.4
28678 11352
30320.9 9709.08
34947.6 5082.42
37984.4 2045.59
22441.1 17588.9
21939.6 18090.4
29101.8 10928.2
27320.8 12709.2
27457.7 12572.3
15347.4 24682.6
27893.2 12136.8
20050.2 19979.8
34315.7 5714.35
33703.1 6326.89
13910.6 26119.4
29059.6 10970.4
32769.1 7260.9
37260.7 2769.27
19578.3 20451.7
13691.5 26338.5
12181.5 27848.5
19032.1 20997.9
23856.3 16173.7
20505.2 19524.8
20950.6 19079.4
23982.7 16047.3
29282.2 10747.8
37795.8 2234.21
32798.7 7231.3
31485.2 8544.8
29998.2 10031.8
32372.1 7657.94
33350 6680.04
25959.8 14070.2
29058.6 10971.4
31704.7 8325.32
28372.9 11657.1
20946.6 19083.4
30963.1 9066.94
19381.7 20648.3
31957.1 8072.91
38456.9 1573.09
25562.8 14467.2
37453.2 2576.75
14920.7 25109.3
15313.1 24716.9
34455.3 5574.72
28540.9 11489.1
28151.3 11878.7
26046.4 13983.6
24371.9 15658.1
19899.1 20130.9
35086.1 4943.89
20032.3 19997.7
29137.2 10892.8
27254.6 12775.4
27488.1 12541.9
30567 9463.03
16621.7 23408.3
25084.7 14945.3
14838 25192
38191.5 1838.48
28697.1 11332.9
37601.6 2428.4
19787.1 20242.9
17876.1 22153.9
39358.8 671.181
21120.1 18909.9
21423.8 18606.2
25572.6 14457.4
35345.7 4684.3
34358.3 5671.66
31783.8 8246.25
29358.2 10671.8
20554.7 19475.3
26386.8 13643.2
29998 10032
36001.9 4028.11
30722.5 9307.45
29992.9 10037.1
30875 9155
24690.9 15339.1
31883 8147.02
22245.2 17784.8
23903.8 16126.2
30346.4 9683.63
37461.1 2568.92
19076.3 20953.7
33897.4 6132.64
12894.4 27135.6
31753.7 8276.3
29850 10180
10586.9 29443.1
39817.4 212.58
36227.2 3802.79
32401.4 7628.59
31175.8 8854.21
35190.7 4839.29
26862.1 13167.9
28709.2 11320.8
24647.1 15382.9
17730.5 22299.5
24524 15506
36401.8 3628.2
28028.7 12001.3
26638 13392
25114.1 14915.9
3836.55 36193.5
8075.03 31955
30588.3 9441.66
31932.1 8097.88
30183.6 9846.4
25856.8 14173.2
22956.7 17073.3
12426.7 27603.3
29300.5 10729.5
23882.9 16147.1
24993.1 15036.9
6953.41 33076.6
26307.3 13722.7
35829 4201.05
28581.4 11448.6
22529.1 17500.9
31720.5 8309.48
24934.1 15095.9
29243.5 10786.5
28114.2 11915.8
20903.3 19126.7
32944.1 7085.92
27967 12063
25947 14083
25227.5 14802.5
14907.2 25122.8
13470.1 26559.9
11555.9 28474.1
20422.6 19607.4
26420.3 13609.7
24635.6 15394.4
38975.7 1054.34
39308.1 721.862
5621.7 34408.3
21672.2 18357.8
27741.6 12288.4
17211.7 22818.3
32111.3 7918.69
18358.9 21671.1
21152 18878
33009.5 7020.46
32616.3 7413.65
29984.5 10045.5
26561 13469
17558.1 22471.9
15412.1 24617.9
11599.8 28430.2
31080.7 8949.29
36283.5 3746.48
37490.4 2539.63
30145 9885.05
37917.7 2112.33
36122.5 3907.5
27434.1 12595.9
36716.1 3313.95
23868 16162
22157.4 17872.6
25450.5 14579.5
20357.8 19672.2
32134.6 7895.36
33879.4 6150.55
23616.9 16413.1
28421.9 11608.1
11783.7 28246.3
34305.8 5724.2
38652.4 1377.58
26101.1 13928.9
12980.1 27049.9
10088 29942
37272.5 2757.45
29872.1 10157.9
35265.3 4764.74
10783.1 29246.9
24604 15426
24576.7 15453.3
19054.1 20975.9
18451.3 21578.7
31370 8660.01
6977.16 33052.8
17481.9 22548.1
22574.9 17455.1
25688 14342
25538.9 14491.1
35313.2 4716.8
39555.4 474.556
19039.9 20990.1
19677.1 20352.9
32874.1 7155.91
21601.6 18428.4
25963.2 14066.8
27259.4 12770.6
27154.9 12875.1
27361.6 12668.4
21120 18910
38040.3 1989.71
17999.2 22030.8
33355.9 6674.05
32280 7749.99
14027.7 26002.3
31279.6 8750.42
20472.6 19557.4
29547.4 10482.6
32285.4 7744.59
35166.4 4863.59
18985.3 21044.7
27338 12692
12880.4 27149.6
13904.6 26125.4
39651 379.019
21883 18147
15205.9 24824.1
35936.5 4093.47
25262.6 14767.4
23869.6 16160.4
30083.2 9946.81
33641 6389.05
35572.2 4457.79
34760.5 5269.48
36595.1 3434.86
38440.2 1589.76
37287.1 2742.87
33361.5 6668.48
30554.2 9475.83
22135.6 17894.4
24299.5 15730.5
21283.8 18746.2
24653.9 15376.1
20505.5 19524.5
34488.1 5541.85
36694.6 3335.44
20983.6 19046.4
15469.7 24560.3
32206.2 7823.81
39406.6 623.414
19949.8 20080.2
29398.4 10631.6
15497.7 24532.3
24946.1 15083.9
36888.9 3141.08
29289.8 10740.2
38457.2 1572.81
26081.6 13948.4
26527 13503
31352.5 8677.45
26560.5 13469.5
10507.4 29522.6
35241.6 4788.45
30652.5 9377.49
19608.5 20421.5
6108.09 33921.9
26931.9 13098.1
31214.4 8815.59
16195.8 23834.2
22069.7 17960.3
23715.7 16314.3
36936.6 3093.39
20019.3 20010.7
22467.7 17562.3
33134.5 6895.48
21308.6 18721.4
31522.4 8507.65
34315.4 5714.61
18315.9 21714.1
37988.7 2041.26
22543.9 17486.1
34957 5072.99
33211.2 6818.77
25509.3 14520.7
22371.9 17658.1
21893.2 18136.8
33419 6610.99
19825.6 20204.4
12046.1 27983.9
29168 10862
28916.3 11113.7
20434.2 19595.8
27283 12747
27715.3 12314.7
30176.9 9853.14
22238.3 17791.7
31144.4 8885.57
15876.5 24153.5
32193.7 7836.32
14926.6 25103.4
32532.9 7497.1
15246 24784
28485.7 11544.3
22673.4 17356.6
33722.8 6307.16
27915.2 12114.8
38613.1 1416.92
12439.8 27590.2
25921.1 14108.9
31438.9 8591.08
32820.2 7209.82
24878.4 15151.6
32072.8 7957.18
33472 6557.97
36230.5 3799.49
32711.1 7318.88
28665.1 11364.9
30755.4 9274.63
31913.8 8116.23
20547.4 19482.6
33650.3 6379.68
36407.4 3622.65
26377.7 13652.3
27117.2 12912.8
27308.4 12721.6
38274.8 1755.23
27404.4 12625.6
39750.3 279.687
14258.2 25771.8
38554.5 1475.51
21874.4 18155.6
38259.8 1770.18
33280.8 6749.21
38292.7 1737.33
18684.6 21345.4
29297 10733
35307.3 4722.73
24409.5 15620.5
19903 20127
19616.2 20413.8
35105.4 4924.61
27868.4 12161.6
15172.5 24857.5
23782.7 16247.3
21050.2 18979.8
14691.2 25338.8
35721.6 4308.36
39390.6 639.353
34972.3 5057.72
37079.7 2950.34
35631.1 4398.88
39338.5 691.491
32773.7 7256.26
29057.4 10972.6
24315.9 15714.1
36969 3061.01
23176.6 16853.4
26485.4 13544.6
39802.2 227.818
31414.1 8615.9
24257.5 15772.5
12570.5 27459.5
37092.9 2937.11
28651.5 11378.5
25870.1 14159.9
19886.4 20143.6
24088.7 15941.3
26064.8 13965.2
30114.2 9915.76
22428 17602
21632.3 18397.7
29845 10185
23626.6 16403.4
37310.7 2719.25
18065.3 21964.7
18260.9 21769.1
17167 22863
23641.5 16388.5
11880.5 28149.5
23263.6 16766.4
16800.4 23229.6
37257.6 2772.36
35684.8 4345.21
34804.1 5225.94
25912.6 14117.4
37079.8 2950.21
20731.1 19298.9
26802.6 13227.4
29087.5 10942.5
36554.2 3475.82
19011.7 21018.3
31829.5 8200.51
27974.3 12055.7
15084.9 24945.1
22728.9 17301.1
23791.6 16238.4
23282.5 16747.5
28765.4 11264.6
36898.6 3131.41
23164.5 16865.5
21547.7 18482.3
35522.9 4507.13
20458.2 19571.8
21281.9 18748.1
34847.2 5182.83
24940.9 15089.1
32209.9 7820.12
13426 26604
39034.2 995.753
33568.8 6461.18
26139.4 13890.6
30040 9990.05
25758.5 14271.5
35234.6 4795.44
26095.1 13934.9
35733 4296.95
38106.7 1923.32
33576.2 6453.84
28091.3 11938.7
30602.2 9427.81
33196.3 6833.69
32158.2 7871.82
36460 3570.05
18873.8 21156.2
32377.2 7652.82
18873.7 21156.3
28958.2 11071.8
22857.5 17172.5
16688.3 23341.7
8452.92 31577.1
22732.4 17297.6
36802.8 3227.21
27433.3 12596.7
29908.9 10121.1
23123.2 16906.8
37906.3 2123.71
22327.9 17702.1
37599.8 2430.24
34799.4 5230.63
31116 8913.99
21858.4 18171.6
28735.4 11294.6
36708.5 3321.53
38410.2 1619.8
24780.4 15249.6
26263.6 13766.4
35821 4208.96
28898.9 11131.1
27642.4 12387.6
14279.2 25750.8
37332.5 2697.49
21249.7 18780.3
18383.1 21646.9
31739.1 8290.88
33364.9 6665.13
38162.3 1867.71
19435.4 20594.6
29752.1 10277.9
32445 7584.96
26793.3 13236.7
28074 11956
23969 16061
36890.2 3139.85
31306.5 8723.51
24029.8 16000.2
28471.2 11558.8
20823.4 19206.6
29168.8 10861.2
31954.1 8075.95
20899.5 19130.5
38493.7 1536.3
31195.4 8834.55
24766.7 15263.3
22843.3 17186.7
33313.9 6716.08
35763.9 4266.11
31689.3 8340.74
30225.1 9804.86
28100 11930
24053.9 15976.1
37263.8 2766.2
33527.8 6502.19
21831.5 18198.5
25612.6 14417.4
29516.6 10513.4
35742.2 4287.79
10949.8 29080.2
9770.66 30259.3
20062.3 19967.7
26581.5 13448.5
23610.2 16419.8
15703.8 24326.2
20732.9 19297.1
33956.9 6073.07
21409.4 18620.6
26706.4 13323.6
34967.7 5062.34
38890.8 1139.19
27011.6 13018.4
36985.2 3044.76
24403 15627
28771.8 11258.2
33159 6870.96
18659.2 21370.8
22926.6 17103.4
13623.2 26406.8
27347.8 12682.2
30635.5 9394.47
28727.7 11302.3
18610.8 21419.2
39702.4 327.648
16472.8 23557.2
28352.7 11677.3
21098 18932
23957.7 16072.3
37319.7 2710.28
12231.1 27798.9
32657.3 7372.69
25934.7 14095.3
26529.8 13500.2
29822.1 10207.9
15729.8 24300.2
17625.8 22404.2
27450.9 12579.1
30688.2 9341.79
25672.8 14357.2
28969.2 11060.8
21031.1 18998.9
36855.6 3174.43
24661.8 15368.2
18902.4 21127.6
30132.5 9897.52
21208.3 18821.7
19217.5 20812.5
32555.5 7474.52
27503.7 12526.3
23378.4 16651.6
22337.5 17692.5
23031.5 16998.5
33295.3 6734.66
27570.3 12459.7
24853.4 15176.6
13223 26807
35336.7 4693.27
28723.5 11306.5
33386.8 6643.21
38833.8 1196.17
27013.1 13016.9
33147.2 6882.79
39223 807.049
20567.3 19462.7
24150.8 15879.2
22142.6 17887.4
29012.5 11017.5
32412.4 7617.59
33765 6264.96
20394.9 19635.1
17381.9 22648.1
23798.4 16231.6
33155.7 6874.3
18746.6 21283.4
37993.6 2036.44
23128.7 16901.3
19179.5 20850.5
29797.5 10232.5
12174.8 27855.2
23126.3 16903.7
34482.6 5547.37
32491 7538.99
22456.7 17573.3
32480.8 7549.22
24492.6 15537.4
32696.8 7333.2
29120.2 10909.8
25756.5 14273.5
37981.1 2048.88
14137.3 25892.7
23065.7 16964.3
21155.8 18874.2
36046.6 3983.37
29316.8 10713.2
32813.5 7216.46
12141.8 27888.2
21853.7 18176.3
19393.2 20636.8
34352.6 5677.41
10211.9 29818.1
16011.4 24018.6
23735.5 16294.5
30278.7 9751.34
20142.1 19887.9
16770.4 23259.6
38513.5 1516.52
32485.9 7544.12
15837.9 24192.1
29446.9 10583.1
21315.7 18714.3
24553.8 15476.2
28513.7 11516.3
31291.9 8738.07
32150.4 7879.6
31270 8760.01
17578.8 22451.2
33804 6225.96
14953.7 25076.3
24990.7 15039.3
37420.7 2609.28
30513.6 9516.42
34657.9 5372.15
24548.3 15481.7
20918.9 19111.1
26611.5 13418.5
15767.7 24262.3
23202.9 16827.1
21858.3 18171.7
25913.3 14116.7
33224.1 6805.89
20446.9 19583.1
33922.5 6107.48
36130.1 3899.87
25078.1 14951.9
28502.7 11527.3
25149.3 14880.7
30746.3 9283.74
20269.7 19760.3
27836.4 12193.6
34344.9 5685.05
19194.5 20835.5
17991.3 22038.7
34010.3 6019.73
14418.9 25611.1
25181.5 14848.5
26902.3 13127.7
32126 7903.97
22728.1 17301.9
24302.5 15727.5
24414.2 15615.8
35390.8 4639.25
12025.3 28004.7
15533 24497
32053.7 7976.33
29757 10273
33584.3 6445.7
13894.6 26135.4
25211.4 14818.6
19516.1 20513.9
27109.4 12920.6
20942.9 19087.1
36146.6 3883.37
34121.4 5908.63
19782.6 20247.4
30580.7 9449.33
21624.2 18405.8
33402.9 6627.13
17870 22160
26125.9 13904.1
28853.5 11176.5
25573.1 14456.9
15492.4 24537.6
29845.4 10184.6
39353.6 676.37
18806.2 21223.8
38251.9 1778.06
28914.5 11115.5
28763.7 11266.3
10960.3 29069.7
34523.3 5506.67
22199.7 17830.3
38519.2 1510.79
13216.5 26813.5
33525.8 6504.18
9826.82 30203.2
24884.2 15145.8
34697.9 5332.14
28970.7 11059.3
22006.3 18023.7
31370.2 8659.77
34101.5 5928.55
34858 5172.04
24103.1 15926.9
33497.7 6532.34
17565 22465
29374.8 10655.2
25482.6 14547.4
35629.3 4400.66
26367.7 13662.3
22268.5 17761.5
27041.9 12988.1
31623.7 8406.35
14508.6 25521.4
28734.2 11295.8
21282.9 18747.1
27295.6 12734.4
25417.4 14612.6
29175.7 10854.3
30267.2 9762.78
32258 7772.03
34246.3 5783.67
34516 5513.97
25402.3 14627.7
39812.3 217.731
21047.3 18982.7
39177.9 852.129
11675.7 28354.3
36912.5 3117.52
11846 28184
24030.4 15999.6
27602.5 12427.5
30991.7 9038.35
30650.3 9379.66
14432.4 25597.6
9830.28 30199.7
26232.8 13797.2
27676.9 12353.1
35361.5 4668.5
12316.7 27713.3
35567.2 4462.81
31671.3 8358.65
30271.7 9758.26
28665.4 11364.6
24859.9 15170.1
24187.1 15842.9
31198.4 8831.6
35214.6 4815.4
30484.4 9545.58
28245.3 11784.7
39160.5 869.472
28634.8 11395.2
18984.6 21045.4
28172.8 11857.2
19049 20981
27592.9 12437.1
25194 14836
21874.2 18155.8
24523.1 15506.9
15222.4 24807.6
20195.7 19834.3
32791.8 7238.2
15278.5 24751.5
17234.3 22795.7
25393.2 14636.8
34906.7 5123.28
32651.7 7378.34
30246.1 9783.87
30004.8 10025.2
38031.5 1998.47
21515.8 18514.2
21810.8 18219.2
27188.6 12841.4
15193.9 24836.1
39017.7 1012.27
39992.1 37.909
33340.8 6689.2
33348.8 6681.23
38000.5 2029.46
17517.2 22512.8
34230.8 5799.18
19669.4 20360.6
23377 16653
17026.6 23003.4
26203.1 13826.9
23252.2 16777.8
6562.76 33467.2
18615.9 21414.1
24713.3 15316.7
30439.3 9590.73
13343 26687
30294.4 9735.64
14693.6 25336.4
31005.1 9024.88
32720.9 7309.1
21882.7 18147.3
11194.5 28835.5
34344.1 5685.9
26158.1 13871.9
13008.9 27021.1
11863.7 28166.3
18850.6 21179.4
24492.7 15537.3
19450.5 20579.5
28809.2 11220.8
39912.1 117.856
39925.1 104.904
22101.5 17928.5
28133.4 11896.6
8357.97 31672
21486.1 18543.9
19150.5 20879.5
28527 11503
11423 28607
21481.2 18548.8
21973.7 18056.3
25994.1 14035.9
24456.9 15573.1
31024.6 9005.39
15373.3 24656.7
26393.4 13636.6
30746.1 9283.88
29600.3 10429.7
33171.3 6858.65
39865.3 164.715
22942.7 17087.3
35359.9 4670.09
15589.5 24440.5
32983 7046.99
30398.9 9631.09
33046.6 6983.35
24396.5 15633.5
21833.5 18196.5
39959.2 70.7739
35432 4598.04
38570.7 1459.27
32083.5 7946.47
29609 10421
31107.6 8922.35
27727.7 12302.3
32080.9 7949.11
26202.9 13827.1
32566 7464
31009.4 9020.64
24275.9 15754.1
17429.5 22600.5
29465.3 10564.7
36951.7 3078.31
10020.7 30009.3
30553.1 9476.89
36646.8 3383.19
27959.7 12070.3
23916.1 16113.9
8897.21 31132.8
34520.2 5509.84
21064 18966
25382.9 14647.1
27007 13023
26749.4 13280.6
30731.6 9298.39
23824.1 16205.9
23703.7 16326.3
15135.5 24894.5
18030 22000
35792.4 4237.6
13631.6 26398.4
33475.3 6554.74
29004.9 11025.1
29325.7 10704.3
31880.9 8149.12
19297.5 20732.5
31650.9 8379.11
25821.3 14208.7
33752.5 6277.46
29601.5 10428.5
39109.1 920.914
21079.7 18950.3
18269.5 21760.5
18827.8 21202.2
31115.6 8914.36
32991.6 7038.44
37468.4 2561.61
26714.3 13315.7
20794 19236
23910 16120
29442.2 10587.8
20083.2 19946.8
30155.1 9874.9
32541.9 7488.1
31395 8635
29208.7 10821.3
33272.9 6757.09
14889.2 25140.8
32666.8 7363.25
23561.5 16468.5
31242.6 8787.42
21377.6 18652.4
30782.6 9247.42
22163.9 17866.1
30353.3 9676.72
32120.8 7909.23
23502 16528
24308.3 15721.7
19639.5 20390.5
18994.6 21035.4
27431.8 12598.2
36482.4 3547.57
18489.2 21540.8
34664.4 5365.57
9434.5 30595.5
22327.4 17702.6
20622.7 19407.3
33881.8 6148.19
31280.1 8749.92
27934.5 12095.5
28503.1 11526.9
28995.9 11034.1
24773.6 15256.4
34197.6 5832.4
32057.3 7972.71
27678.6 12351.4
12123 27907
7888.59 32141.4
29914.2 10115.8
17375.3 22654.7
27465.4 12564.6
37997.7 2032.28
32824.7 7205.28
25147.4 14882.6
35206.7 4823.31
31204 8825.98
38105.6 1924.45
13076.1 26953.9
21237.3 18792.7
19098.7 20931.3
13716.9 26313.1
32956.7 7073.3
26800.3 13229.7
5353.81 34676.2
37624.9 2405.08
36028.5 4001.46
9904.18 30125.8
20252.2 19777.8
21022.1 19007.9
16903.8 23126.2
30208.4 9821.61
36726.5 3303.51
31755.8 8274.24
34384.1 5645.9
27551 12479
31189.5 8840.52
24190.7 15839.3
21776 18254
24386.7 15643.3
29516 10514
29490.9 10539.1
32363.9 7666.07
35748.4 4281.57
23361.4 16668.6
18774.1 21255.9
38861.4 1168.62
17111.8 22918.2
35602.6 4427.37
30952.1 9077.92
33364.7 6665.3
9210.87 30819.1
23200.1 16829.9
28761.8 11268.2
34368.6 5661.42
36355.9 3674.12
36292.3 3737.73
28504.7 11525.3
39173.9 856.122
37036.3 2993.67
14012.4 26017.6
29793.6 10236.4
37251.1 2778.93
10924.2 29105.8
32540 7489.99
34890.1 5139.92
22529.6 17500.4
36038.3 3991.71
24547.5 15482.5
13647.9 26382.1
38129.7 1900.28
24103 15927
10067.1 29962.9
9339.28 30690.7
36164 3866.03
35142.2 4887.77
16066.5 23963.5
23192.1 16837.9
34947.1 5082.91
27512 12518
36904.7 3125.25
25927.3 14102.7
28564.7 11465.3
30103.2 9926.77
16791.9 23238.1
33738.3 6291.67
23053.4 16976.6
11612.4 28417.6
38568.6 1461.35
36909.4 3120.64
38113.2 1916.77
27614.6 12415.4
14608.2 25421.8
35647.2 4382.76
32038.2 7991.77
32654.8 7375.22
28117 11913
17917.1 22112.9
37099.7 2930.28
39596.7 433.292
18269.5 21760.5
28458.9 11571.1
20835.9 19194.1
28827.8 11202.2
35301.9 4728.13
32983.7 7046.29
20289.3 19740.7
37895.8 2134.22
13090.9 26939.1
14741.2 25288.8
18120.8 21909.2
19805.1 20224.9
33808 6222.01
31326.7 8703.3
34543.1 5486.88
24676.6 15353.4
28378.9 11651.1
33085 6944.99
27866.4 12163.6
32311.9 7718.09
33741.4 6288.65
33716.2 6313.76
27904.1 12125.9
21626.3 18403.7
30335.9 9694.1
18467.8 21562.2
20151.4 19878.6
17157.1 22872.9
35276.5 4753.46
27494.4 12535.6
24777.8 15252.2
25584.6 14445.4
32790.4 7239.62
16742.5 23287.5
31413.3 8616.68
31761.7 8268.26
28963 11067
39190.4 839.64
28391.7 11638.3
35582.5 4447.45
27391.1 12638.9
25130.3 14899.7
9032.61 30997.4
27769.3 12260.7
30526.8 9503.17
30179.1 9850.85
25088.9 14941.1
21517.7 18512.3
33558.8 6471.15
23121.9 16908.1
24659.3 15370.7
28758.2 11271.8
38226.8 1803.18
37380.4 2649.56
36523.6 3506.4
33955.7 6074.32
38993.1 1036.87
30083.9 9946.1
26782.8 13247.2
31211 8819.04
24398.1 15631.9
16545.5 23484.5
28840.9 11189.1
36594.9 3435.07
23770.1 16259.9
20280.8 19749.2
39268.9 761.101
19128.2 20901.8
30781.1 9248.85
18947.5 21082.5
35715.6 4314.36
22789.8 17240.2
29727.8 10302.2
26141.6 13888.4
34642 5388.02
31723.9 8306.11
38450.8 1579.23
35656.5 4373.46
26231.6 13798.4
17249.9 22780.1
32001.5 8028.5
30981.7 9048.28
31942.5 8087.49
22845.6 17184.4
22563.1 17466.9
22975.5 17054.5
23798.8 16231.2
30020.4 10009.6
26839.1 13190.9
33005.1 7024.91
31663.1 8366.9
21102.5 18927.5
33611.1 6418.88
19627.1 20402.9
22559.1 17470.9
22608.7 17421.3
30073.3 9956.73
32663.1 7366.93
36410.1 3619.9
31279.3 8750.69
32751.8 7278.23
24636.1 15393.9
22260.6 17769.4
31748.5 8281.49
31010.9 9019.13
29992.9 10037.1
36961.8 3068.16
14247.8 25782.2
23840.3 16189.7
15320.8 24709.2
27184.3 12845.7
32888.8 7141.16
34648.5 5381.49
36860.6 3169.39
23582.5 16447.5
33701.8 6328.24
28769.4 11260.6
32035.8 7994.25
28054.9 11975.1
25649.2 14380.8
35630.2 4399.79
25960.4 14069.6
19255.3 20774.7
15311.5 24718.5
15607.8 24422.2
22792 17238
14462 25568
33289.7 6740.31
29829.7 10200.3
16151.2 23878.8
19691.2 20338.8
27009.5 13020.5
34454.4 5575.58
16241.9 23788.1
32409.8 7620.22
27228.6 12801.4
34819.9 5210.11
14871.2 25158.8
31204.5 8825.48
16617.3 23412.7
27733.4 12296.6
22765.3 17264.7
31391 8638.99
29554.7 10475.3
26085.3 13944.7
20545.5 19484.5
27952.8 12077.2
25511 14519
30156.8 9873.18
28833.2 11196.8
21535.8 18494.2
29710.9 10319.1
22930.9 17099.1
19385.2 20644.8
15963.5 24066.5
31035.6 8994.38
25949.4 14080.6
28994.5 11035.5
38816.4 1213.57
38171.9 1858.11
24189.8 15840.2
38694.1 1335.88
23871.9 16158.1
30630.4 9399.6
4444.09 35585.9
18604.2 21425.8
29646.1 10383.9
24097.9 15932.1
27637.6 12392.4
35618.6 4411.43
35695.1 4334.94
2216.87 37813.1
32189.4 7840.58
15286.9 24743.1
20501.4 19528.6
31512.7 8517.3
11117.4 28912.6
26854.2 13175.8
19648 20382
39864.4 165.65
20067.3 19962.7
10073.6 29956.4
16881.7 23148.3
39368.6 661.419
26874.3 13155.7
16554.1 23475.9
23510.1 16519.9
30055.6 9974.4
26042.4 13987.6
31268.1 8761.87
27032.1 12997.9
27784.3 12245.7
27896.8 12133.2
24661.9 15368.1
29126.7 10903.3
25792.6 14237.4
35257.7 4772.31
31636.6 8393.41
25162.1 14867.9
29097.9 10932.1
32695.9 7334.08
19469.6 20560.4
28611.6 11418.4
17957.7 22072.3
35061.9 4968.05
14888.1 25141.9
18675.1 21354.9
34172.8 5857.22
27097.9 12932.1
29953.3 10076.7
34031.2 5998.76
26749.6 13280.4
36072.9 3957.08
38159 1870.98
16704.8 23325.2
36984.6 3045.44
26315 13715
31202.3 8827.65
14948.4 25081.6
27628.6 12401.4
22138.3 17891.7
31800.9 8229.07
9661.14 30368.9
34078.4 5951.62
20345.6 19684.4
26581.3 13448.7
30064.5 9965.47
35773.6 4256.35
31211.8 8818.22
29800.8 10229.2
33239.4 6790.58
22861.7 17168.3
26686.1 13343.9
16279.7 23750.3
22413.5 17616.5
24285.5 15744.5
19335.6 20694.4
32756.7 7273.29
30953.3 9076.69
28005.9 12024.1
23412.8 16617.2
29690.2 10339.8
31217.1 8812.87
28127.7 11902.3
27166.6 12863.4
23051.8 16978.2
25652.4 14377.6
16209.8 23820.2
31587.2 8442.82
14531.6 25498.4
32161.4 7868.63
25816.4 14213.6
33597.6 6432.4
32429.5 7600.48
20553.1 19476.9
22519.2 17510.8
33542 6487.96
18204.9 21825.1
29836.1 10193.9
24245.1 15784.9
23063 16967
33224.6 6805.42
23341.8 16688.2
38244.9 1785.06
28935.9 11094.1
32853.1 7176.94
17391.8 22638.2
18809.8 21220.2
37541 2489
28449.8 11580.2
36941.9 3088.09
21068.5 18961.5
36799.2 3230.77
21744.8 18285.2
26285 13745
23692.5 16337.5
29937.3 10092.7
22986.9 17043.1
24418.8 15611.2
19901.6 20128.4
21884.8 18145.2
12704.5 27325.5
20289.8 19740.2
19099.5 20930.5
24779.8 15250.2
38196.2 1833.76
19270.5 20759.5
9326.82 30703.2
20905 19125
17573.3 22456.7
33553.5 6476.54
29030.3 10999.7
33574.3 6455.74
22270 17760
11451.5 28578.5
36607.5 3422.48
18034.6 21995.4
19913.5 20116.5
32379.4 7650.56
17683.9 22346.1
25715.8 14314.2
32076.4 7953.57
31335.1 8694.93
15235.3 24794.7
12579.1 27450.9
18857 21173
26930.7 13099.3
19829.2 20200.8
34763.7 5266.25
16633.2 23396.8
32502.7 7527.34
27961.2 12068.8
20901.5 19128.5
22657.1 17372.9
22497 17533
33423.7 6606.34
37629.6 2400.42
22365.2 17664.8
28988.7 11041.3
32542 7487.98
31655.4 8374.65
18660.1 21369.9
29227.7 10802.3
18789 21241
37492.5 2537.47
14839 25191
22881.2 17148.8
33138.4 6891.62
32803.5 7226.5
30457.4 9572.61
22789.4 17240.6
23662.4 16367.6
33824.7 6205.31
27368.8 12661.2
21541.4 18488.6
32485 7544.97
21937.4 18092.6
21632.6 18397.4
34465 5564.95
19298.5 20731.5
27486.6 12543.4
38797.9 1232.08
16586.8 23443.2
36264.9 3765.09
11218.7 28811.3
29447.6 10582.4
20726.5 19303.5
17324.9 22705.1
37956.6 2073.36
29029.7 11000.3
39718 311.974
23402.5 16627.5
5356.36 34673.6
27049.1 12980.9
9447.49 30582.5
33320.6 6709.35
20554.3 19475.7
33915.7 6114.33
27323.7 12706.3
27561.1 12468.9
31526.2 8503.81
21387.6 18642.4
13141.5 26888.5
30901.2 9128.83
25033.4 14996.6
24758.4 15271.6
23486.9 16543.1
20884 19146
38226.4 1803.56
28702.2 11327.8
25044.8 14985.2
21329.8 18700.2
29014.1 11015.9
18772.4 21257.6
32432.1 7597.95
23323.9 16706.1
34030.4 5999.59
30290.1 9739.91
28367 11663
28458.4 11571.6
18976.6 21053.4
32185 7844.97
30371.5 9658.52
25892.1 14137.9
17050.3 22979.7
32051.2 7978.77
9272.73 30757.3
37620.6 2409.39
26035.3 13994.7
33820.4 6209.63
22222.6 17807.4
24476.1 15553.9
26521.5 13508.5
20337.2 19692.8
27312.7 12717.3
23311.6 16718.4
12599.4 27430.6
37922.4 2107.58
21622.1 18407.9
33095.6 6934.37
26077.6 13952.4
23772.1 16257.9
37237.1 2792.91
25130.4 14899.6
32963.4 7066.57
30407.3 9622.67
28964.8 11065.2
36187.1 3842.87
31482.1 8547.86
27474.2 12555.8
21609 18421
30184.2 9845.78
12544.7 27485.3
31242.5 8787.49
10570.2 29459.8
32860.3 7169.72
27931.7 12098.3
39363 667.004
23997.2 16032.8
32790.2 7239.83
15374.3 24655.7
28358 11672
29948.9 10081.1
15936.1 24093.9
34459.4 5570.6
28583.6 11446.4
26953.6 13076.4
30419.2 9610.78
23563.7 16466.3
38882.1 1147.88
31020.5 9009.49
21829.6 18200.4
28029.2 12000.8
34189.2 5840.83
20601.6 19428.4
26611.3 13418.7
27494.6 12535.4
25354.7 14675.3
38720.8 1309.16
33884.9 6145.08
31813.6 8216.36
24261 15769
36676.8 3353.18
32638.9 7391.06
22567.5 17462.5
39079.5 950.496
32440.7 7589.28
25731.9 14298.1
32743.4 7286.56
35020.8 5009.24
16553.1 23476.9
31291.9 8738.08
39708.1 321.904
9135.83 30894.2
29987.6 10042.4
18727.1 21302.9
18469.2 21560.8
23310.6 16719.4
30597 9432.97
31845.2 8184.75
26271.5 13758.5
13789.9 26240.1
38111.3 1918.69
29430.6 10599.4
33546.9 6483.1
29460.8 10569.2
26079.5 13950.5
19746.2 20283.8
31456.9 8573.1
36075.9 3954.11
27484 12546
35071.5 4958.52
35559.9 4470.14
32108.4 7921.6
31021.8 9008.2
5147.97 34882
37374 2656.04
30302.3 9727.71
39970.9 59.124
18351.3 21678.7
28872.2 11157.8
33688 6342.01
13915.7 26114.3
27124.6 12905.4
25967.3 14062.7
18341.4 21688.6
30911.8 9118.15
13432.7 26597.3
22830 17200
19685 20345
29325.4 10704.6
30137.2 9892.81
19295.6 20734.4
6615.05 33415
27400.4 12629.6
36727.5 3302.49
26599.8 13430.2
21138.7 18891.3
13099.5 26930.5
2758.58 37271.4
31659.5 8370.49
27850.2 12179.8
20120.2 19909.8
32251.7 7778.32
35032.3 4997.74
34006.6 6023.41
27320.2 12709.8
35046.3 4983.67
29237.7 10792.3
28284.4 11745.6
31243.5 8786.53
33772.4 6257.55
29004.2 11025.8
21312.5 18717.5
19872.9 20157.1
24338.3 15691.7
34501.2 5528.82
22518.9 17511.1
25642.1 14387.9
27809.6 12220.4
24009.2 16020.8
36268.4 3761.62
24354.3 15675.7
27243.5 12786.5
35837.8 4192.24
33474.3 6555.71
26627.2 13402.8
32807.7 7222.29
30758.8 9271.19
21237.4 18792.6
23978.4 16051.6
12293 27737
22895.6 17134.4
27587.1 12442.9
20214.9 19815.1
32782.4 7247.6
38622.8 1407.15
7174.44 32855.6
37556.8 2473.16
10897.1 29132.9
27075.7 12954.3
33689.7 6340.33
18826.1 21203.9
28568.1 11461.9
16332.7 23697.3
16127 23903
25712.5 14317.5
28164.9 11865.1
37047.1 2982.89
27184 12846
25820.7 14209.3
20351.7 19678.3
27758.8 12271.2
38206.2 1823.83
36892.8 3137.17
33506.7 6523.31
15334.4 24695.6
18802.1 21227.9
22536.3 17493.7
27407 12623
16047.8 23982.2
22526.2 17503.8
39341.6 688.38
28791.5 11238.5
24260.1 15769.9
29335.1 10694.9
19684.5 20345.5
23413.3 16616.7
34813.7 5216.25
31103 8927
20493.5 19536.5
22308.1 17721.9
24478.8 15551.2
32097.3 7932.72
11696 28334
8903.55 31126.5
37939.3 2090.73
23925 16105
19988.7 20041.3
30694.6 9335.38
28230.4 11799.6
21047.3 18982.7
37736.7 2293.32
22671 17359
23842.2 16187.8
30705.5 9324.49
15092.6 24937.4
29485.6 10544.4
39510.4 519.617
24450.6 15579.4
28786.3 11243.7
39887.9 142.074
39741.2 288.817
19100.5 20929.5
32166.9 7863.15
25773.9 14256.1
34508.9 5521.12
22983.3 17046.7
36829.4 3200.6
27089.5 12940.5
35058.5 4971.46
26308.9 13721.1
24730.4 15299.6
21249.2 18780.8
35095.8 4934.23
25473.8 14556.2
20252.4 19777.6
37893 2136.97
34904.2 5125.82
23009.8 17020.2
35794.9 4235.14
35534 4496.01
13473.8 26556.2
25023.8 15006.2
28254.6 11775.4
23888.9 16141.1
25632.2 14397.8
32107.2 7922.75
30625.7 9404.3
17718.6 22311.4
39254 775.967
25042.6 14987.4
27533.7 12496.3
35492.2 4537.85
32115.6 7914.37
6028.38 34001.6
34873.7 5156.32
21617.8 18412.2
36689.2 3340.77
12719.8 27310.2
31466 8563.97
35783.8 4246.16
33905.8 6124.15
26871.8 13158.2
20589.4 19440.6
39398.4 631.596
34859.4 5170.59
33102.8 6927.24
28047.9 11982.1
19511.6 20518.4
32322.1 7707.92
23826.8 16203.2
31755.6 8274.43
33134.8 6895.24
36323 3706.96
16077.2 23952.8
30182.5 9847.53
27871.3 12158.7
23496.5 16533.5
28348.7 11681.3
8891.61 31138.4
39683.1 346.926
32431.9 7598.12
35928.8 4101.24
20130.5 19899.5
27806.7 12223.3
23837.2 16192.8
35151.1 4878.86
19118.7 20911.3
22339.7 17690.3
30253.5 9776.53
32317.2 7712.84
27951.1 12078.9
22012.8 18017.2
26108.9 13921.1
12973.3 27056.7
28849.7 11180.3
26023.8 14006.2
17566.7 22463.3
24902.4 15127.6
32580.9 7449.1
21383 18647
22992.1 17037.9
24609.2 15420.8
20831.7 19198.3
31049.8 8980.25
27587 12443
39948 82.0487
29387.9 10642.1
35195.4 4834.61
25780.9 14249.1
26899.4 13130.6
17907.5 22122.5
29074.9 10955.1
37579.2 2450.79
29949.9 10080.1
33082.7 6947.25
21372 18658
33210.8 6819.23
27753.5 12276.5
31143.1 8886.85
24097 15933
33117.7 6912.27
20664 19366
20672.9 19357.1
28122.8 11907.2
14291.5 25738.5
9733.1 30296.9
14646 25384
34012.4 6017.61
30107.9 9922.13
28121.9 11908.1
31628.2 8401.82
24436.7 15593.3
17808 22222
29400.7 10629.3
32963.3 7066.66
15913.8 24116.2
11819.5 28210.5
25565.2 14464.8
29465.6 10564.4
15887.5 24142.5
26224.7 13805.3
31003.2 9026.77
24999.7 15030.3
19560.5 20469.5
15093.6 24936.4
13362.6 26667.4
22277.6 17752.4
33776.3 6253.75
17746.1 22283.9
30278.2 9751.83
26000.8 14029.2
25570.1 14459.9
37320.1 2709.92
26555.3 13474.7
30857.5 9172.53
37579.5 2450.54
35969.2 4060.79
20897.2 19132.8
28537.6 11492.4
7990.55 32039.4
25481.4 14548.6
26708.5 13321.5
25906.9 14123.1
20407.4 19622.6
28559 11471
24561.6 15468.4
25700.5 14329.5
27404.9 12625.1
29195.2 10834.8
21143.1 18886.9
12064.8 27965.2
32701.2 7328.84
24244.5 15785.5
35172.8 4857.25
28651.7 11378.3
16749.2 23280.8
27039.4 12990.6
28654 11376
7469.81 32560.2
31915.8 8114.19
27467.6 12562.4
27421.6 12608.4
32054.6 7975.43
21724.3 18305.7
26591.9 13438.1
38770.1 1259.92
29079.5 10950.5
28248.9 11781.1
32755.4 7274.58
27000.5 13029.5
36383.9 3646.13
31358.7 8671.29
29632.9 10397.1
17713.2 22316.8
27921.4 12108.6
8046.81 31983.2
10246.6 29783.4
31582.1 8447.89
23470.2 16559.8
34292.4 5737.6
8014.24 32015.8
31473.4 8556.59
17848.4 22181.6
15153.3 24876.7
33708 6322
31674.9 8355.08
24585.6 15444.4
15993.1 24036.9
27879.8 12150.2
19683.5 20346.5
22164.4 17865.6
26697.5 13332.5
23907.5 16122.5
34812.6 5217.41
26349.6 13680.4
29083.5 10946.5
27616.8 12413.2
34366.3 5663.75
25060.1 14969.9
37477.1 2552.85
18859.9 21170.1
26865.8 13164.2
14249.4 25780.6
17795.6 22234.4
25460.3 14569.7
29069 10961
30721.3 9308.69
29254.6 10775.4
38655.6 1374.39
19267.3 20762.7
26341.7 13688.3
17338.4 22691.6
33313.2 6716.75
30810.1 9219.9
24493.1 15536.9
14474.1 25555.9
13803.9 26226.1
22603.4 17426.6
21417.8 18612.2
33064.2 6965.8
33702.8 6327.15
28400.3 11629.7
20135.4 19894.6
39954.1 75.9032
12656 27374
35685.8 4344.21
27827.6 12202.4
26932.4 13097.6
23792.4 16237.6
35002.3 5027.66
24152.2 15877.8
32792.5 7237.53
30209.4 9820.59
29087.3 10942.7
14282.2 25747.8
22239.4 17790.6
29941.7 10088.3
37680.3 2349.72
23036 16994
29445.5 10584.5
25694.2 14335.8
23675.3 16354.7
12497.9 27532.1
39064.7 965.275
33003.8 7026.24
16737.6 23292.4
26094.8 13935.2
17256.9 22773.1
17842.3 22187.7
18276.5 21753.5
23368.3 16661.7
39037.2 992.844
27490.9 12539.1
18961.6 21068.4
30490.9 9539.06
28165.1 11864.9
19406.7 20623.3
31062.1 8967.86
30133.6 9896.44
18238 21792
35042.9 4987.14
4079.11 35950.9
39913 117.025
17325.9 22704.1
18852.3 21177.7
35619.5 4410.5
28349.9 11680.1
22871 17159
33218.7 6811.29
16345.8 23684.2
31344.8 8685.2
27463.5 12566.5
26745.1 13284.9
20442.2 19587.8
27513.6 12516.4
33670.9 6359.11
22469 17561
34409.2 5620.81
26328.7 13701.3
21253 18777
20910.2 19119.8
35293.7 4736.26
25822.6 14207.4
18167.5 21862.5
39534.7 495.272
19721.5 20308.5
21709.4 18320.6
34726.3 5303.71
31660.4 8369.58
32960.9 7069.08
28195.5 11834.5
31330.6 8699.4
14261.1 25768.9
35350.8 4679.18
35254.7 4775.27
30459.1 9570.89
19411.4 20618.6
25740.7 14289.3
29837 10193
19994.1 20035.9
23408.2 16621.8
22009.6 18020.4
31685.2 8344.8
21761.7 18268.3
34893.2 5136.84
26467.6 13562.4
14747.1 25282.9
31591.8 8438.2
22722.1 17307.9
23917 16113
37841.3 2188.69
23451.4 16578.6
32277.5 7752.46
4392.04 35638
10255.7 29774.3
35942 4087.99
17946.7 22083.3
28808.8 11221.2
36285.1 3744.85
18101.2 21928.8
25378.8 14651.2
27375 12655
31611.9 8418.06
18950.6 21079.4
28909.4 11120.6
33694 6336
15529 24501
30107.9 9922.07
19237.9 20792.1
26112.3 13917.7
25140.4 14889.6
33624 6405.98
34399.8 5630.16
34148 5881.97
28766.1 11263.9
22804.7 17225.3
20196.9 19833.1
23405 16625
23348.4 16681.6
29236.5 10793.5
19965.6 20064.4
23783.4 16246.6
27933.6 12096.4
22836.9 17193.1
31720.5 8309.53
34000.6 6029.4
30808.1 9221.9
32129.6 7900.41
28651.9 11378.1
31038.8 8991.24
28218.4 11811.6
26488.6 13541.4
24113.4 15916.6
31665.4 8364.57
30111.2 9918.75
31968.8 8061.21
25450.4 14579.6
22197 17833
11677.2 28352.8
21804.1 18225.9
18631.9 21398.1
22832.9 17197.1
30483.4 9546.58
29174.8 10855.2
24592.7 15437.3
33903.1 6126.95
26173.8 13856.2
33697.9 6332.11
30394.9 9635.09
36765.6 3264.4
30844.9 9185.13
22580.4 17449.6
29239 10791
24981.6 15048.4
31657.8 8372.18
5988.31 34041.7
29601.1 10428.9
31121.9 8908.1
35746.5 4283.47
32838.7 7191.28
22097.8 17932.2
19072.2 20957.8
16508.3 23521.7
16997.6 23032.4
24971 15059
27263.8 12766.2
29122 10908
24175.5 15854.5
33192.7 6837.32
24201 15829
15905.3 24124.7
26529.6 13500.4
23480.2 16549.8
32970.1 7059.88
16588.2 23441.8
19460.2 20569.8
34989.4 5040.6
20638.6 19391.4
28026.4 12003.6
31039.8 8990.22
30331.8 9698.2
23218 16812
34909.8 5120.21
21465.7 18564.3
28463.3 11566.7
29578.5 10451.5
28935 11095
31279.4 8750.63
19219.9 20810.1
23778.7 16251.3
26732.9 13297.1
17306.7 22723.3
19032.6 20997.4
34361.7 5668.28
30315.5 9714.48
26881.9 13148.1
35187.3 4842.7
29415.9 10614.1
24324.7 15705.3
31445.5 8584.52
24668.9 15361.1
6734.13 33295.9
33714.3 6315.72
35775.9 4254.08
35553.4 4476.56
16124.7 23905.3
27477.6 12552.4
17944.3 22085.7
24744.3 15285.7
33297.1 6732.9
15004.7 25025.3
16301.1 23728.9
27423.7 12606.3
12419.2 27610.8
26812 13218
15551.8 24478.2
31129.4 8900.56
14170.2 25859.8
22873.8 17156.2
20653.8 19376.2
26740.1 13289.9
18352.2 21677.8
9731.39 30298.6
17828.6 22201.4
24303.2 15726.8
32723.3 7306.67
23262.6 16767.4
31216.6 8813.37
37641.1 2388.88
29614.9 10415.1
33247 6782.96
19083.1 20946.9
37288.4 2741.61
37240.8 2789.2
37169.2 2860.84
14072.4 25957.6
35975.5 4054.54
15245.9 24784.1
29580.5 10449.5
14057.9 25972.1
19847.6 20182.4
31489 8540.99
37133.4 2896.58
26826.2 13203.8
25997 14033
19053.1 20976.9
31222.6 8807.43
26656.8 13373.2
27725.6 12304.4
21664.3 18365.7
37367.2 2662.81
28005.9 12024.1
35158.6 4871.4
35150.1 4879.9
19436.5 20593.5
39125 904.954
26522 13508
38966.6 1063.38
22497.4 17532.6
25193.1 14836.9
28030.2 11999.8
21593.3 18436.7
25325.1 14704.9
24017.4 16012.6
26078.1 13951.9
24767.8 15262.2
23634.7 16395.3
24332.7 15697.3
32233.6 7796.45
21904.1 18125.9
22009.7 18020.3
29834 10196
20281.3 19748.7
23555 16475
39754.3 275.725
34794.1 5235.86
28170.4 11859.6
20833.5 19196.5
35752.9 4277.09
24503.8 15526.2
10746 29284
34273.9 5756.05
2941.66 37088.3
17674.4 22355.6
26090.7 13939.3
16199.9 23830.1
21570.6 18459.4
25532.6 14497.4
36805.4 3224.61
37687.3 2342.67
27218.4 12811.6
30185.9 9844.13
37847 2183
32894.3 7135.71
35305.5 4724.54
39901 128.95
29879.9 10150.1
22223.7 17806.3
25558.7 14471.3
19405.2 20624.8
39528.1 501.943
36342.8 3687.18
29244.6 10785.4
23471.7 16558.3
29183.3 10846.7
32980.8 7049.16
20360.6 19669.4
31890.9 8139.13
23768.4 16261.6
34250.2 5779.79
5468.16 34561.8
25619.5 14410.5
23603.5 16426.5
17498.9 22531.1
35046.3 4983.72
34749.9 5280.12
27056.7 12973.3
34321.9 5708.06
27203.5 12826.5
32227.7 7802.27
6852.19 33177.8
34543.2 5486.78
22094.2 17935.8
26857.4 13172.6
12168.6 27861.4
29109.7 10920.3
35599.7 4430.31
29025.5 11004.5
16567 23463
34393.5 5636.5
36573.3 3456.72
31770.2 8259.78
17750.3 22279.7
26696.8 13333.2
32364.3 7665.73
34061.9 5968.09
17883.6 22146.4
24968.1 15061.9
24960.3 15069.7
28880.4 11149.6
31157.6 8872.43
27148.3 12881.7
28428.7 11601.3
22351.3 17678.7
14299.5 25730.5
35336.8 4693.24
37319.7 2710.31
24751.1 15278.9
26168 13862
20293.7 19736.3
10168.7 29861.3
15118.2 24911.8
18438.2 21591.8
39684.1 345.925
23732.1 16297.9
31011.5 9018.48
28917.8 11112.2
32545.6 7484.44
37433.1 2596.94
23847.5 16182.5
35729.8 4300.24
30378.2 9651.84
30394.3 9635.75
13397.6 26632.4
34016.7 6013.26
18629.9 21400.1
31353.8 8676.18
25436 14594
10945.4 29084.6
25321.5 14708.5
13957.5 26072.5
23630.2 16399.8
26621.9 13408.1
36455.7 3574.33
35853.2 4176.79
16299.9 23730.1
31253.9 8776.12
38106.5 1923.51
39762.2 267.771
34013.2 6016.84
9609.91 30420.1
24615.9 15414.1
30824.4 9205.57
7035.79 32994.2
37157.5 2872.52
37843.4 2186.59
21883.9 18146.1
16607.7 23422.3
31892.1 8137.93
25808.6 14221.4
19138.5 20891.5
24939.6 15090.4
38760.8 1269.18
39553.5 476.456
25521.5 14508.5
35069.7 4960.33
32846 7183.97
19067.2 20962.8
24388 15642
16834.7 23195.3
18338.1 21691.9
33406.8 6623.2
22099.9 17930.1
19745.1 20284.9
32684.1 7345.91
26295.3 13734.7
35292.6 4737.38
28142.3 11887.7
29218.9 10811.1
8666.57 31363.4
31812.1 8217.89
36733.1 3296.89
31335.5 8694.52
33959.6 6070.38
29498.9 10531.1
29825.4 10204.6
26298.3 13731.7
39121.7 908.286
21807.6 18222.4
26521.3 13508.7
32158.4 7871.64
3614.64 36415.4
28271.9 11758.1
27361.1 12668.9
19940.2 20089.8
21893.1 18136.9
33651.6 6378.39
29290.2 10739.8
23595.2 16434.8
21163.5 18866.5
10524.8 29505.2
33190.8 6839.21
18131.3 21898.7
24747.5 15282.5
28567.7 11462.3
18426.5 21603.5
32633.8 7396.23
35617.3 4412.73
17870.1 22159.9
35428.2 4601.8
34773.5 5256.54
24327.4 15702.6
14234.7 25795.3
25671.3 14358.7
31869.4 8160.57
28176.6 11853.4
37853.7 2176.33
36777 3253.04
25869.3 14160.7
23141 16889
27331.3 12698.7
26595.5 13434.5
26259.6 13770.4
35903.2 4126.75
23641.8 16388.2
23866.8 16163.2
21869.3 18160.7
18383.3 21646.7
26073.7 13956.3
25326.7 14703.3
37540.3 2489.75
19350.6 20679.4
26819.8 13210.2
24685.6 15344.4
13568.2 26461.8
19883.7 20146.3
23639.1 16390.9
29532.3 10497.7
36589.2 3440.83
36079.4 3950.64
28380.6 11649.4
20132.5 19897.5
26005.5 14024.5
35944.2 4085.82
39054.7 975.328
31299.5 8730.47
24494.3 15535.7
22489.9 17540.1
24534 15496
30760.3 9269.72
27923.1 12106.9
25492.1 14537.9
29638.2 10391.8
17106.1 22923.9
27464.9 12565.1
23204.8 16825.2
13036.3 26993.7
33163.5 6866.5
38220.9 1809.08
20771 19259
26805.7 13224.3
15323.3 24706.7
39676.6 353.397
17290.1 22739.9
37570.1 2459.93
38545.3 1484.72
37876.7 2153.28
12956.3 27073.7
25883.7 14146.3
31314.3 8715.71
31489.9 8540.12
35369 4660.96
23789.5 16240.5
17563.3 22466.7
20638.1 19391.9
25228.8 14801.2
36732.7 3297.32
18951.6 21078.4
24368.2 15661.8
33131.6 6898.35
31200.6 8829.42
17579 22451
29524.4 10505.6
17273.9 22756.1
34995 5035.02
16581.7 23448.3
28716.5 11313.5
20286.8 19743.2
20013.2 20016.8
26185.5 13844.5
32787.9 7242.12
27664.2 12365.8
15569.2 24460.8
22417.1 17612.9
32156.9 7873.08
17952.9 22077.1
31231.8 8798.19
18556 21474
23381.3 16648.7
34391.2 5638.81
33359.6 6670.4
17994.2 22035.8
26229.8 13800.2
15806.8 24223.2
29688.8 10341.2
28511.5 11518.5
6618.16 33411.8
31363.5 8666.48
31042.8 8987.16
25224 14806
18759.7 21270.3
24091.2 15938.8
22144.5 17885.5
11194.7 28835.3
28604.1 11425.9
22825 17205
18218.6 21811.4
25818.8 14211.2
21892.9 18137.1
29277.4 10752.6
26817 13213
34979.1 5050.93
21078.7 18951.3
23193.8 16836.2
31317.8 8712.21
31443.7 8586.29
28937.4 11092.6
23480.6 16549.4
35540.8 4489.15
20881.8 19148.2
37740.9 2289.09
29942.2 10087.8
15231.4 24798.6
30364.7 9665.3
37287.3 2742.71
32136.3 7893.65
39045.4 984.598
36959.3 3070.66
11254.6 28775.4
34719.5 5310.52
29688.3 10341.7
19275.6 20754.4
32051.2 7978.84
18363.7 21666.3
28977 11053
25224.5 14805.5
39982.1 47.8746
27162 12868
32806 7224.01
28243.2 11786.8
27881 12149
23680.4 16349.6
32467 7562.99
21922.4 18107.6
26672.6 13357.4
19447.2 20582.8
31912.1 8117.95
27293.4 12736.6
19848.3 20181.7
29359.1 10670.9
39276.6 753.4
35880 4150
34329.9 5700.07
35761 4268.99
23383.8 16646.2
38739.2 1290.8
22824.1 17205.9
25523.3 14506.7
35870.1 4159.92
19850.1 20179.9
29760.6 10269.4
24424.3 15605.7
17047.5 22982.5
20395 19635
21731.8 18298.2
25606.1 14423.9
35729.1 4300.93
27363.4 12666.6
14940 25090
30241.3 9788.65
22889.6 17140.4
29422.5 10607.5
23502.5 16527.5
23395 16635
28117.3 11912.7
17614.1 22415.9
29007.1 11022.9
32281.7 7748.31
32224.6 7805.45
31772.4 8257.64
34023 6007.05
24297.1 15732.9
15899.3 24130.7
14459.1 25570.9
25238.5 14791.5
33327.1 6702.89
28984.6 11045.4
27463.7 12566.3
35696.9 4333.07
22907.7 17122.3
22081.9 17948.1
30500 9530
31536.2 8493.85
22466.4 17563.6
8590 31440
30944.2 9085.77
35592.7 4437.25
19534.6 20495.4
24454.1 15575.9
35010.7 5019.29
21780.9 18249.1
33965 6065.02
35669.2 4360.82
38722.3 1307.65
22024 18006
27863.3 12166.7
29296.9 10733.1
27189.8 12840.2
33776.4 6253.56
10530.4 29499.6
32806.6 7223.37
15768.8 24261.2
22657 17373
20888 19142
27083.6 12946.4
28214.5 11815.5
37048.7 2981.28
33737.1 6292.93
33484.2 6545.76
18773.4 21256.6
33533.9 6496.06
27919 12111
34869.8 5160.17
35002.9 5027.09
26365.8 13664.2
34953.9 5076.11
26948.8 13081.2
27013.7 13016.3
26595.3 13434.7
26966.1 13063.9
17361.2 22668.8
19517.6 20512.4
12889.1 27140.9
20138.6 19891.4
26751.6 13278.4
20182.1 19847.9
27700.5 12329.5
31551 8479
38675.9 1354.07
23799.6 16230.4
33768.3 6261.75
25792.5 14237.5
31652.7 8377.26
39295.6 734.392
18565.4 21464.6
17077.7 22952.3
32490.4 7539.6
36075.9 3954.06
24259.5 15770.5
29855.2 10174.8
27694 12336
31515.3 8514.71
29428.8 10601.2
28419.4 11610.6
25360 14670
33818.5 6211.46
25013.5 15016.5
24231.7 15798.3
35003.8 5026.16
32688.3 7341.75
35102.2 4927.78
32501.2 7528.77
19097.8 20932.2
36519.5 3510.54
8790.97 31239
31545.2 8484.84
24422.1 15607.9
28265.8 11764.2
9704.55 30325.5
30426.5 9603.54
22937.1 17092.9
29553.7 10476.3
18475.7 21554.3
24847.5 15182.5
27965.5 12064.5
31512.2 8517.83
19710.6 20319.4
31475 8554.99
35938.5 4091.48
31748.3 8281.66
22856.5 17173.5
28868.1 11161.9
21163.3 18866.7
35892.7 4137.31
22532 17498
27786.6 12243.4
25792.9 14237.1
15167.7 24862.3
28728.7 11301.3
21996.4 18033.6
18336.5 21693.5
28945.2 11084.8
31700.7 8329.25
28493.3 11536.7
30309.4 9720.55
20720.4 19309.6
31903.1 8126.94
24060.4 15969.6
23199.5 16830.5
36376.4 3653.59
20471.7 19558.3
18701.5 21328.5
36307.8 3722.17
33749.5 6280.55
13420.8 26609.2
27684 12346
12836.1 27193.9
35245.1 4784.94
20401.2 19628.8
26088.2 13941.8
19873.7 20156.3
14469.6 25560.4
21050.2 18979.8
33471.3 6558.72
23837 16193
22669.1 17360.9
36849.5 3180.46
16022 24008
24896.5 15133.5
29007.8 11022.2
28624 11406
31733.4 8296.64
27222 12808
35757.3 4272.69
31652.6 8377.44
24974.1 15055.9
24961.5 15068.5
24405.2 15624.8
26837.9 13192.1
15653.5 24376.5
22660.5 17369.5
31805.8 8224.16
16627.2 23402.8
32994.1 7035.88
23914.6 16115.4
29634.4 10395.6
39182.5 847.544
11103.2 28926.8
20094.5 19935.5
39968.7 61.2575
31865.3 8164.7
19207.8 20822.2
30434.9 9595.13
17048.9 22981.1
11886.4 28143.6
23536.5 16493.5
25856.3 14173.7
25202 14828
38944.1 1085.94
20153.4 19876.6
16963.8 23066.2
16000.6 24029.4
31677.4 8352.62
24745.1 15284.9
27897.6 12132.4
27816.9 12213.1
26782.4 13247.6
27779.1 12250.9
30067.1 9962.89
24927.4 15102.6
13500.8 26529.2
15468.7 24561.3
7815.85 32214.2
21495 18535
34631.6 5398.36
33090.4 6939.55
14637.7 25392.3
26380.6 13649.4
28280 11750
24847.8 15182.2
28373.3 11656.7
23552.6 16477.4
24958.2 15071.8
35000.2 5029.83
20853.7 19176.3
28304.8 11725.2
28716.5 11313.5
32645.5 7384.48
14913.7 25116.3
17060.9 22969.1
19526.8 20503.2
23045.9 16984.1
36269.8 3760.21
11079.6 28950.4
32290.1 7739.88
6980.45 33049.6
16754.2 23275.8
22861.1 17168.9
26304.2 13725.8
34045.2 5984.82
16105.5 23924.5
16830.6 23199.4
24599.6 15430.4
29374.8 10655.2
30471 9558.98
19774.4 20255.6
18883 21147
22030.3 17999.7
20606.9 19423.1
36220.9 3809.08
33636.4 6393.6
31722.6 8307.35
29740.2 10289.8
20098.8 19931.2
23469.7 16560.3
20128.8 19901.2
13013.7 27016.3
29346.1 10683.9
31894 8136.02
29503.5 10526.5
27681.9 12348.1
25856.9 14173.1
26775.2 13254.8
34480.3 5549.74
39231.4 798.562
24517.6 15512.4
38253 1776.99
36774 3256
28421.6 11608.4
16592.6 23437.4
34016.8 6013.17
28036.8 11993.2
28816.9 11213.1
33179.1 6850.88
19131.5 20898.5
25567.9 14462.1
26148.1 13881.9
21172.9 18857.1
8146.3 31883.7
32595.8 7434.23
28597.6 11432.4
35034.5 4995.55
32256.6 7773.38
36314.4 3715.57
29865.9 10164.1
22025.1 18004.9
24089.2 15940.8
28403 11627
29811.3 10218.7
19917.5 20112.5
39175 854.977
26120.9 13909.1
39870.8 159.199
33177 6852.98
23888.3 16141.7
36452.8 3577.21
30400.4 9629.56
29625.3 10404.7
18332.8 21697.2
31712 8317.97
30590.4 9439.65
24870.7 15159.3
16779.3 23250.7
21314.3 18715.7
16314.6 23715.4
30146.4 9883.6
24354.2 15675.8
28396.8 11633.2
38006.3 2023.66
28556 11474
25821.8 14208.2
28797.2 11232.8
34022.2 6007.8
29194.4 10835.6
21476.2 18553.8
31137.9 8892.15
24069.2 15960.8
21384.7 18645.3
33761.1 6268.87
32226.2 7803.77
30331.6 9698.43
25122.8 14907.2
33579.5 6450.5
21573 18457
21958.6 18071.4
21968.2 18061.8
28414.2 11615.8
26333.5 13696.5
20653.7 19376.3
31897.1 8132.93
36526.7 3503.27
24607.6 15422.4
31611 8418.97
14134 25896
37755.2 2274.75
9568.69 30461.3
37781.2 2248.84
38234.2 1795.84
31267.3 8762.65
18996 21034
20130.7 19899.3
38581.6 1448.43
34573.5 5456.47
26774.3 13255.7
18380.9 21649.1
28912.2 11117.8
28690.5 11339.5
37129.8 2900.25
12468.9 27561.1
13478 26552
36043.4 3986.6
30894.4 9135.62
26015.5 14014.5
29990.2 10039.8
23591.6 16438.4
20010.6 20019.4
3646.52 36383.5
20254.9 19775.1
24916 15114
38777.5 1252.45
7424.05 32606
23991.5 16038.5
29292.4 10737.6
31991.2 8038.77
29431 10599
19969.3 20060.7
33096.2 6933.77
35016.6 5013.44
32032.5 7997.5
34087.2 5942.78
30302.1 9727.85
25872 14158
22678.4 17351.6
13401.4 26628.6
39236.7 793.276
18742.6 21287.4
23081.1 16948.9
23188.6 16841.4
16636.5 23393.5
23924.7 16105.3
25934.5 14095.5
29114.2 10915.8
23168.7 16861.3
21547.9 18482.1
25386.3 14643.7
25936.5 14093.5
19259.3 20770.7
35303.5 4726.53
28218.2 11811.8
30215.1 9814.89
13941.7 26088.3
30784.8 9245.19
27976.2 12053.8
26471.4 13558.6
27901.2 12128.8
34729.2 5300.76
25207.7 14822.3
24902 15128
32567.4 7462.58
30993.3 9036.69
30665 9364.99
36408.8 3621.18
30840.1 9189.85
20665.2 19364.8
33089.2 6940.8
14416.4 25613.6
16854.4 23175.6
25507.6 14522.4
35441.2 4588.81
22683.4 17346.6
21846 18184
25469 14561
20268.7 19761.3
36444.1 3585.88
31914.4 8115.57
31649.6 8380.36
22182.4 17847.6
34888 5142.03
29720.9 10309.1
20614.7 19415.3
19513.3 20516.7
31775.3 8254.68
25031.7 14998.3
33679.5 6350.51
10945.6 29084.4
21856.2 18173.8
33090.9 6939.07
33697.2 6332.85
37029.9 3000.05
24186.1 15843.9
25068.9 14961.1
36164.9 3865.14
28583.1 11446.9
36395.8 3634.22
28974.7 11055.3
31687.2 8342.82
20743.1 19286.9
15318.7 24711.3
26890.8 13139.2
27893.3 12136.7
24735.3 15294.7
37265 2764.98
33420.9 6609.09
38144.4 1885.6
32152.3 7877.73
25371 14659
25229.6 14800.4
8164.91 31865.1
37572.8 2457.15
14715.8 25314.2
29224.9 10805.1
37780.8 2249.2
12838 27192
37508.7 2521.31
29560.8 10469.2
33755.1 6274.86
20407.7 19622.3
32980.6 7049.38
28640.7 11389.3
27059 12971
29277.8 10752.2
23076.4 16953.6
30525.4 9504.59
19494.2 20535.8
30010.4 10019.6
37908.5 2121.55
28868.4 11161.6
24275.7 15754.3
18066.7 21963.3
31179.1 8850.95
9160.95 30869
38436.2 1593.78
5891.83 34138.2
31141.9 8888.08
30489.7 9540.33
31117.2 8912.79
38955.1 1074.89
24335.2 15694.8
25959.3 14070.7
14486.2 25543.8
26801 13229
35950.8 4079.23
19097.4 20932.6
33422.4 6607.64
36725 3305.04
19776.6 20253.4
13846.2 26183.8
39170.3 859.672
19129.6 20900.4
37466.1 2563.87
31423 8607.04
32013.9 8016.06
20600.7 19429.3
17377.1 22652.9
24856.1 15173.9
26099.8 13930.2
24129.8 15900.2
12498.2 27531.8
34351.7 5678.28
35786.7 4243.28
29923.7 10106.3
22729.2 17300.8
32747.6 7282.4
19053.3 20976.7
30452.1 9577.9
28598.9 11431.1
32072.5 7957.55
9678.09 30351.9
21135.9 18894.1
15337.4 24692.6
18890.6 21139.4
11123.6 28906.4
23366.1 16663.9
26034.1 13995.9
39320.7 709.275
30343.1 9686.9
39380.7 649.343
31737.9 8292.07
25980.9 14049.1
27590.8 12439.2
20591.3 19438.7
39974.5 55.5131
20666.4 19363.6
26026 14004
27145 12885
26074.1 13955.9
11236.4 28793.6
12980.5 27049.5
25147.4 14882.6
26567.4 13462.6
18276 21754
29615.9 10414.1
27294.3 12735.7
13347.7 26682.3
22910.9 17119.1
31909 8120.97
30726.7 9303.33
15773.4 24256.6
20024.4 20005.6
36165.6 3864.35
24604.5 15425.5
24405.2 15624.8
11803.3 28226.7
24110.9 15919.1
26513.8 13516.2
33879.4 6150.61
29823.1 10206.9
29365.2 10664.8
35247.5 4782.5
31719.2 8310.8
30164 9866.03
24861.4 15168.6
30778.7 9251.3
35871.4 4158.65
24847 15183
21612.2 18417.8
29377.4 10652.6
36873.8 3156.16
27588.2 12441.8
32985.5 7044.51
27335.4 12694.6
25527 14503
15339.9 24690.1
28345.1 11684.9
37006.8 3023.25
28524.3 11505.7
28029.2 12000.8
10117.1 29912.9
32091.1 7938.92
28618 11412
20559.3 19470.7
11183.3 28846.7
26037.1 13992.9
22540.3 17489.7
23564.1 16465.9
25422.6 14607.4
16148.2 23881.8
25692 14338
22768.4 17261.6
17669.6 22360.4
23225.1 16804.9
36071 3959.02
37804 2225.99
38278.3 1751.68
6599.01 33431
25821.3 14208.7
20000.7 20029.3
28869.8 11160.2
10535.8 29494.2
8168.79 31861.2
22782.2 17247.8
31643.6 8386.38
25347.8 14682.2
35245.6 4784.39
35540.9 4489.08
19112.4 20917.6
20879.8 19150.2
28500.6 11529.4
20187.7 19842.3
5277.95 34752.1
34464.8 5565.17
34297 5733.01
21316.9 18713.1
26767.4 13262.6
11265.2 28764.8
32477.5 7552.46
16385.4 23644.6
20086 19944
30021.9 10008.1
29480.5 10549.5
29721.2 10308.8
32351.9 7678.08
29807.9 10222.1
23826.9 16203.1
35066 4963.95
6057.47 33972.5
35821.1 4208.86
25994.4 14035.6
30852.7 9177.28
35534.5 4495.5
11370.9 28659.1
25500.6 14529.4
31612.3 8417.66
24905.5 15124.5
27126.2 12903.8
20838.7 19191.3
37451.3 2578.69
36053.8 3976.16
31927 8103.02
16617.6 23412.4
37022.1 3007.88
33521 6509
37164.2 2865.84
35873.3 4156.69
20533.1 19496.9
14288.5 25741.5
18623.9 21406.1
34828.3 5201.72
24952.3 15077.7
27376.1 12653.9
26308 13722
25233 14797
25911.2 14118.8
34414.8 5615.17
33525.4 6504.58
23162.1 16867.9
27993 12037
18221.3 21808.7
8904.27 31125.7
